  5801  7.6101e+02 -2.0960e+00  2.1019e+00 -1.1901e-01  2.9414e+02  3.6914e+02  4.7156e+00  4.2965e+00  4.1916e-01 -1.1119e-04  3.3164e+01  0.0000e+00  9.7544e-13  8.9215e-11
  5802  7.6102e+02 -2.0892e+00  2.1019e+00 -1.2581e-01  2.9414e+02  3.6914e+02  4.7872e+00  4.5698e+00  2.1741e-01 -1.8438e-05  5.7326e+00  0.0000e+00  9.7539e-13  8.9208e-11
  5803  7.6103e+02 -2.0854e+00  2.1019e+00 -1.2957e-01  2.9414e+02  3.6915e+02  4.8420e+00  4.7744e+00  6.7562e-02  3.0888e-05 -9.2051e+00  0.0000e+00  9.7527e-13  8.9199e-11
  5804  7.6104e+02 -2.0834e+00  2.1019e+00 -1.3152e-01  2.9414e+02  3.6915e+02  4.8724e+00  4.8946e+00 -2.2117e-02  5.5954e-05 -1.6781e+01  0.0000e+00  9.7521e-13  8.9190e-11
  5805  7.6105e+02 -2.0825e+00  2.1019e+00 -1.3248e-01  2.9414e+02  3.6916e+02  4.8870e+00  4.9586e+00 -7.1601e-02  6.9064e-05 -2.0331e+01  0.0000e+00  9.7517e-13  8.9181e-11
  5806  7.6106e+02 -2.0820e+00  2.1019e+00 -1.3294e-01  2.9414e+02  3.6916e+02  4.8930e+00  4.9904e+00 -9.7331e-02  7.1196e-05 -2.1870e+01  0.0000e+00  9.7511e-13  8.9173e-11
  5807  7.6107e+02 -2.0818e+00  2.1019e+00 -1.3319e-01  2.9414e+02  3.6916e+02  4.8926e+00  5.0008e+00 -1.0821e-01  7.4248e-05 -2.2590e+01  0.0000e+00  9.7493e-13  8.9166e-11
  5808  7.6108e+02 -2.0816e+00  2.1019e+00 -1.3333e-01  2.9414e+02  3.6916e+02  4.8914e+00  5.0062e+00 -1.1473e-01  7.2647e-05 -2.2841e+01  0.0000e+00  9.7486e-13  8.9158e-11
  5809  7.6109e+02 -2.0816e+00  2.1019e+00 -1.3340e-01  2.9414e+02  3.6917e+02  4.8898e+00  5.0080e+00 -1.1821e-01  7.2739e-05 -2.2860e+01  0.0000e+00  9.7484e-13  8.9148e-11
  5810  7.6110e+02 -2.0815e+00  2.1019e+00 -1.3343e-01  2.9414e+02  3.6917e+02  4.8880e+00  5.0080e+00 -1.2003e-01  7.4093e-05 -2.2773e+01  0.0000e+00  9.7484e-13  8.9141e-11
  5811  7.6111e+02 -2.0815e+00  2.1019e+00 -1.3345e-01  2.9414e+02  3.6917e+02  4.8868e+00  5.0079e+00 -1.2109e-01  7.1842e-05 -2.2611e+01  0.0000e+00  9.7476e-13  8.9134e-11
  5812  7.6112e+02 -2.0815e+00  2.1019e+00 -1.3346e-01  2.9414e+02  3.6918e+02  4.8855e+00  5.0073e+00 -1.2183e-01  7.6549e-05 -2.2441e+01  0.0000e+00  9.7474e-13  8.9126e-11
  5813  7.6113e+02 -2.0815e+00  2.1019e+00 -1.3346e-01  2.9414e+02  3.6918e+02  4.8845e+00  5.0066e+00 -1.2203e-01  7.5069e-05 -2.2248e+01  0.0000e+00  9.7464e-13  8.9117e-11
  5814  7.6114e+02 -2.0815e+00  2.1019e+00 -1.3346e-01  2.9414e+02  3.6918e+02  4.8838e+00  5.0062e+00 -1.2239e-01  7.4242e-05 -2.2052e+01  0.0000e+00  9.7447e-13  8.9109e-11
  5815  7.6115e+02 -2.0815e+00  2.1019e+00 -1.3346e-01  2.9414e+02  3.6918e+02  4.8833e+00  5.0059e+00 -1.2256e-01  7.2435e-05 -2.1852e+01  0.0000e+00  9.7441e-13  8.9101e-11
  5816  7.6116e+02 -2.0815e+00  2.1019e+00 -1.3346e-01  2.9414e+02  3.6919e+02  4.8828e+00  5.0054e+00 -1.2256e-01  7.3156e-05 -2.1670e+01  0.0000e+00  9.7431e-13  8.9094e-11
  5817  7.6117e+02 -2.0815e+00  2.1019e+00 -1.3346e-01  2.9414e+02  3.6919e+02  4.8825e+00  5.0052e+00 -1.2266e-01  7.2406e-05 -2.1486e+01  0.0000e+00  9.7431e-13  8.9086e-11
  5818  7.6118e+02 -2.0815e+00  2.1019e+00 -1.3346e-01  2.9414e+02  3.6919e+02  4.8822e+00  5.0049e+00 -1.2270e-01  7.1613e-05 -2.1305e+01  0.0000e+00  9.7427e-13  8.9080e-11
  5819  7.6119e+02 -2.0815e+00  2.1019e+00 -1.3346e-01  2.9414e+02  3.6919e+02  4.8821e+00  5.0049e+00 -1.2278e-01  7.0852e-05 -2.1131e+01  0.0000e+00  9.7424e-13  8.9073e-11
  5820  7.6120e+02 -2.0815e+00  2.1019e+00 -1.3345e-01  2.9414e+02  3.6920e+02  4.8820e+00  5.0048e+00 -1.2280e-01  7.0247e-05 -2.0958e+01  0.0000e+00  9.7406e-13  8.9065e-11
  5821  7.6121e+02 -2.0815e+00  2.1019e+00 -1.3345e-01  2.9414e+02  3.6920e+02  4.8819e+00  5.0047e+00 -1.2281e-01  6.9583e-05 -2.0791e+01  0.0000e+00  9.7401e-13  8.9354e-11
  5822  7.6122e+02 -2.0815e+00  2.1019e+00 -1.3345e-01  2.9414e+02  3.6920e+02  4.8819e+00  5.0048e+00 -1.2293e-01  6.9044e-05 -2.0628e+01  0.0000e+00  9.7383e-13  8.9346e-11
  5823  7.6123e+02 -2.0815e+00  2.1019e+00 -1.3345e-01  2.9414e+02  3.6920e+02  4.8819e+00  5.0049e+00 -1.2301e-01  6.8447e-05 -2.0465e+01  0.0000e+00  9.7374e-13  8.9336e-11
  5824  7.6124e+02 -2.0815e+00  2.1019e+00 -1.3345e-01  2.9414e+02  3.6921e+02  4.8818e+00  5.0047e+00 -1.2293e-01  6.7801e-05 -2.0302e+01  0.0000e+00  9.7365e-13  8.9325e-11
  5825  7.6125e+02 -2.0815e+00  2.1019e+00 -1.3345e-01  2.9414e+02  3.6921e+02  4.8818e+00  5.0047e+00 -1.2292e-01  6.7257e-05 -2.0146e+01  0.0000e+00  9.7360e-13  8.9317e-11
  5826  7.6126e+02 -2.0815e+00  2.1019e+00 -1.3345e-01  2.9414e+02  3.6921e+02  4.8818e+00  5.0047e+00 -1.2294e-01  6.6719e-05 -1.9989e+01  0.0000e+00  9.7345e-13  8.9308e-11
  5827  7.6127e+02 -2.0815e+00  2.1019e+00 -1.3344e-01  2.9414e+02  3.6921e+02  4.8818e+00  5.0047e+00 -1.2296e-01  6.6201e-05 -1.9834e+01  0.0000e+00  9.7341e-13  8.9300e-11
  5828  7.6128e+02 -2.0815e+00  2.1019e+00 -1.3344e-01  2.9414e+02  3.6922e+02  4.8818e+00  5.0047e+00 -1.2295e-01  6.5739e-05 -1.9682e+01  0.0000e+00  9.7333e-13  8.9293e-11
  5829  7.6129e+02 -2.0815e+00  2.1019e+00 -1.3344e-01  2.9414e+02  3.6922e+02  4.8818e+00  5.0048e+00 -1.2297e-01  6.5190e-05 -1.9536e+01  0.0000e+00  9.7311e-13  8.9286e-11
  5830  7.6130e+02 -2.0815e+00  2.1019e+00 -1.3344e-01  2.9414e+02  3.6922e+02  4.8818e+00  5.0049e+00 -1.2305e-01  6.4637e-05 -1.9382e+01  0.0000e+00  9.7280e-13  8.9278e-11
  5831  7.6131e+02 -2.0815e+00  2.1019e+00 -1.3344e-01  2.9414e+02  3.6923e+02  4.8819e+00  5.0049e+00 -1.2302e-01  6.4182e-05 -1.9238e+01  0.0000e+00  9.7262e-13  8.9272e-11
  5832  7.6132e+02 -2.0815e+00  2.1019e+00 -1.3344e-01  2.9414e+02  3.6923e+02  4.8819e+00  5.0050e+00 -1.2311e-01  6.3705e-05 -1.9089e+01  0.0000e+00  9.7245e-13  8.9265e-11
  5833  7.6133e+02 -2.0815e+00  2.1019e+00 -1.3344e-01  2.9414e+02  3.6923e+02  4.8819e+00  5.0049e+00 -1.2298e-01  6.3145e-05 -1.8944e+01  0.0000e+00  9.7237e-13  8.9257e-11
  5834  7.6134e+02 -2.0815e+00  2.1019e+00 -1.3344e-01  2.9414e+02  3.6923e+02  4.8819e+00  5.0049e+00 -1.2298e-01  6.2658e-05 -1.8802e+01  0.0000e+00  9.7235e-13  8.9249e-11
  5835  7.6135e+02 -2.0815e+00  2.1019e+00 -1.3344e-01  2.9414e+02  3.6924e+02  4.8820e+00  5.0050e+00 -1.2305e-01  6.2214e-05 -1.8660e+01  0.0000e+00  9.7233e-13  8.9241e-11
  5836  7.6136e+02 -2.0815e+00  2.1019e+00 -1.3344e-01  2.9414e+02  3.6924e+02  4.8820e+00  5.0049e+00 -1.2299e-01  6.1778e-05 -1.8520e+01  0.0000e+00  9.7228e-13  8.9236e-11
  5837  7.6137e+02 -2.0815e+00  2.1019e+00 -1.3344e-01  2.9414e+02  3.6924e+02  4.8819e+00  5.0049e+00 -1.2299e-01  6.1334e-05 -1.8378e+01  0.0000e+00  9.7218e-13  8.9228e-11
  5838  7.6138e+02 -2.0815e+00  2.1019e+00 -1.3343e-01  2.9414e+02  3.6925e+02  4.8820e+00  5.0049e+00 -1.2296e-01  6.0832e-05 -1.8241e+01  0.0000e+00  9.7211e-13  8.9219e-11
  5839  7.6139e+02 -2.0815e+00  2.1019e+00 -1.3343e-01  2.9414e+02  3.6925e+02  4.8820e+00  5.0050e+00 -1.2300e-01  6.0385e-05 -1.8108e+01  0.0000e+00  9.7195e-13  8.9212e-11
  5840  7.6140e+02 -2.0815e+00  2.1019e+00 -1.3343e-01  2.9414e+02  3.6925e+02  4.8820e+00  5.0050e+00 -1.2298e-01  5.9954e-05 -1.7973e+01  0.0000e+00  9.7189e-13  8.9204e-11
  5841  7.6141e+02 -2.0815e+00  2.1019e+00 -1.3343e-01  2.9414e+02  3.6925e+02  4.8820e+00  5.0050e+00 -1.2300e-01  5.9453e-05 -1.7836e+01  0.0000e+00  9.7180e-13  8.9496e-11
  5842  7.6142e+02 -2.0815e+00  2.1019e+00 -1.3343e-01  2.9414e+02  3.6926e+02  4.8820e+00  5.0050e+00 -1.2295e-01  5.9077e-05 -1.7709e+01  0.0000e+00  9.7172e-13  8.9488e-11
  5843  7.6143e+02 -2.0815e+00  2.1019e+00 -1.3343e-01  2.9414e+02  3.6926e+02  4.8821e+00  5.0052e+00 -1.2307e-01  5.8552e-05 -1.7573e+01  0.0000e+00  9.7164e-13  8.9479e-11
  5844  7.6144e+02 -2.0815e+00  2.1019e+00 -1.3343e-01  2.9414e+02  3.6926e+02  4.8821e+00  5.0050e+00 -1.2296e-01  5.8172e-05 -1.7445e+01  0.0000e+00  9.7154e-13  8.9471e-11
  5845  7.6145e+02 -2.0815e+00  2.1019e+00 -1.3343e-01  2.9414e+02  3.6927e+02  4.8821e+00  5.0050e+00 -1.2296e-01  5.7768e-05 -1.7313e+01  0.0000e+00  9.7130e-13  8.9462e-11
  5846  7.6146e+02 -2.0815e+00  2.1019e+00 -1.3343e-01  2.9414e+02  3.6927e+02  4.8821e+00  5.0051e+00 -1.2298e-01  5.7332e-05 -1.7190e+01  0.0000e+00  9.7126e-13  8.9454e-11
  5847  7.6147e+02 -2.0815e+00  2.1019e+00 -1.3343e-01  2.9414e+02  3.6927e+02  4.8822e+00  5.0052e+00 -1.2307e-01  5.6824e-05 -1.7060e+01  0.0000e+00  9.7121e-13  8.9448e-11
  5848  7.6148e+02 -2.0815e+00  2.1019e+00 -1.3343e-01  2.9414e+02  3.6927e+02  4.8821e+00  5.0051e+00 -1.2298e-01  5.6444e-05 -1.6934e+01  0.0000e+00  9.7109e-13  8.9440e-11
  5849  7.6149e+02 -2.0815e+00  2.1019e+00 -1.3343e-01  2.9414e+02  3.6928e+02  4.8821e+00  5.0051e+00 -1.2294e-01  5.5983e-05 -1.6809e+01  0.0000e+00  9.7085e-13  8.9435e-11
  5850  7.6150e+02 -2.0815e+00  2.1019e+00 -1.3343e-01  2.9414e+02  3.6928e+02  4.8821e+00  5.0051e+00 -1.2295e-01  5.5625e-05 -1.6685e+01  0.0000e+00  9.7076e-13  8.9429e-11
  5851  7.6151e+02 -2.0815e+00  2.1019e+00 -1.3343e-01  2.9414e+02  3.6928e+02  4.8822e+00  5.0051e+00 -1.2295e-01  5.5215e-05 -1.6562e+01  0.0000e+00  9.7068e-13  8.9424e-11
  5852  7.6152e+02 -2.0815e+00  2.1019e+00 -1.3343e-01  2.9414e+02  3.6928e+02  4.8822e+00  5.0051e+00 -1.2294e-01  5.4683e-05 -1.6437e+01  0.0000e+00  9.7065e-13  8.9414e-11
  5853  7.6153e+02 -2.0815e+00  2.1019e+00 -1.3343e-01  2.9414e+02  3.6929e+02  4.8821e+00  5.0051e+00 -1.2292e-01  5.4315e-05 -1.6313e+01  0.0000e+00  9.7052e-13  8.9407e-11
  5854  7.6154e+02 -2.0815e+00  2.1019e+00 -1.3343e-01  2.9414e+02  3.6929e+02  4.8822e+00  5.0051e+00 -1.2293e-01  5.3923e-05 -1.6196e+01  0.0000e+00  9.7042e-13  8.9399e-11
  5855  7.6155e+02 -2.0815e+00  2.1019e+00 -1.3343e-01  2.9414e+02  3.6929e+02  4.8822e+00  5.0052e+00 -1.2296e-01  5.3608e-05 -1.6076e+01  0.0000e+00  9.7034e-13  8.9393e-11
  5856  7.6156e+02 -2.0815e+00  2.1019e+00 -1.3343e-01  2.9414e+02  3.6929e+02  4.8822e+00  5.0051e+00 -1.2290e-01  5.3252e-05 -1.5955e+01  0.0000e+00  9.7034e-13  8.9385e-11
  5857  7.6157e+02 -2.0815e+00  2.1019e+00 -1.3343e-01  2.9414e+02  3.6930e+02  4.8822e+00  5.0051e+00 -1.2288e-01  5.2759e-05 -1.5839e+01  0.0000e+00  9.7027e-13  8.9377e-11
  5858  7.6158e+02 -2.0815e+00  2.1019e+00 -1.3343e-01  2.9414e+02  3.6930e+02  4.8822e+00  5.0051e+00 -1.2288e-01  5.2370e-05 -1.5715e+01  0.0000e+00  9.7018e-13  8.9369e-11
  5859  7.6159e+02 -2.0815e+00  2.1019e+00 -1.3343e-01  2.9414e+02  3.6930e+02  4.8822e+00  5.0050e+00 -1.2281e-01  5.2056e-05 -1.5605e+01  0.0000e+00  9.7002e-13  8.9361e-11
  5860  7.6160e+02 -2.0815e+00  2.1019e+00 -1.3343e-01  2.9414e+02  3.6931e+02  4.8822e+00  5.0051e+00 -1.2288e-01  5.1606e-05 -1.5484e+01  0.0000e+00  9.6996e-13  8.9355e-11
  5861  7.6161e+02 -2.0815e+00  2.1019e+00 -1.3343e-01  2.9414e+02  3.6931e+02  4.8822e+00  5.0050e+00 -1.2279e-01  5.1204e-05 -1.5369e+01  0.0000e+00  9.6996e-13  8.9646e-11
  5862  7.6162e+02 -2.0815e+00  2.1019e+00 -1.3342e-01  2.9414e+02  3.6931e+02  4.8822e+00  5.0050e+00 -1.2282e-01  5.0775e-05 -1.5254e+01  0.0000e+00  9.6996e-13  8.9639e-11
  5863  7.6163e+02 -2.0815e+00  2.1019e+00 -1.3343e-01  2.9414e+02  3.6931e+02  4.8822e+00  5.0051e+00 -1.2284e-01  5.0548e-05 -1.5142e+01  0.0000e+00  9.6991e-13  8.9631e-11
  5864  7.6164e+02 -2.0815e+00  2.1019e+00 -1.3343e-01  2.9414e+02  3.6932e+02  4.8823e+00  5.0052e+00 -1.2287e-01  5.0095e-05 -1.5029e+01  0.0000e+00  9.6989e-13  8.9623e-11
  5865  7.6165e+02 -2.0815e+00  2.1019e+00 -1.3342e-01  2.9414e+02  3.6932e+02  4.8823e+00  5.0051e+00 -1.2283e-01  4.9682e-05 -1.4910e+01  0.0000e+00  9.6977e-13  8.9615e-11
  5866  7.6166e+02 -2.0815e+00  2.1019e+00 -1.3342e-01  2.9414e+02  3.6932e+02  4.8822e+00  5.0050e+00 -1.2274e-01  4.9301e-05 -1.4799e+01  0.0000e+00  9.6965e-13  8.9608e-11
  5867  7.6167e+02 -2.0815e+00  2.1019e+00 -1.3343e-01  2.9414e+02  3.6932e+02  4.8822e+00  5.0050e+00 -1.2273e-01  4.8973e-05 -1.4692e+01  0.0000e+00  9.6958e-13  8.9600e-11
  5868  7.6168e+02 -2.0815e+00  2.1019e+00 -1.3342e-01  2.9414e+02  3.6933e+02  4.8823e+00  5.0051e+00 -1.2280e-01  4.8621e-05 -1.4578e+01  0.0000e+00  9.6943e-13  8.9590e-11
  5869  7.6169e+02 -2.0815e+00  2.1019e+00 -1.3342e-01  2.9414e+02  3.6933e+02  4.8822e+00  5.0050e+00 -1.2276e-01  4.8029e-05 -1.4467e+01  0.0000e+00  9.6926e-13  8.9584e-11
  5870  7.6170e+02 -2.0815e+00  2.1019e+00 -1.3342e-01  2.9414e+02  3.6933e+02  4.8822e+00  5.0050e+00 -1.2275e-01  4.7829e-05 -1.4354e+01  0.0000e+00  9.6926e-13  8.9574e-11
  5871  7.6171e+02 -2.0815e+00  2.1019e+00 -1.3342e-01  2.9414e+02  3.6933e+02  4.8822e+00  5.0050e+00 -1.2274e-01  4.7521e-05 -1.4245e+01  0.0000e+00  9.6922e-13  8.9565e-11
  5872  7.6172e+02 -2.0815e+00  2.1019e+00 -1.3342e-01  2.9414e+02  3.6934e+02  4.8823e+00  5.0050e+00 -1.2275e-01  4.7071e-05 -1.4134e+01  0.0000e+00  9.6917e-13  8.9556e-11
  5873  7.6173e+02 -2.0815e+00  2.1019e+00 -1.3342e-01  2.9414e+02  3.6934e+02  4.8823e+00  5.0050e+00 -1.2274e-01  4.6658e-05 -1.4022e+01  0.0000e+00  9.6914e-13  8.9547e-11
  5874  7.6174e+02 -2.0815e+00  2.1019e+00 -1.3342e-01  2.9414e+02  3.6934e+02  4.8823e+00  5.0050e+00 -1.2269e-01  4.6378e-05 -1.3921e+01  0.0000e+00  9.6899e-13  8.9537e-11
  5875  7.6175e+02 -2.0815e+00  2.1019e+00 -1.3342e-01  2.9414e+02  3.6934e+02  4.8823e+00  5.0050e+00 -1.2275e-01  4.6010e-05 -1.3807e+01  0.0000e+00  9.6897e-13  8.9526e-11
  5876  7.6176e+02 -2.0815e+00  2.1019e+00 -1.3342e-01  2.9414e+02  3.6935e+02  4.8823e+00  5.0049e+00 -1.2268e-01  4.5738e-05 -1.3703e+01  0.0000e+00  9.6887e-13  8.9517e-11
  5877  7.6177e+02 -2.0815e+00  2.1019e+00 -1.3342e-01  2.9414e+02  3.6935e+02  4.8823e+00  5.0049e+00 -1.2268e-01  4.5357e-05 -1.3596e+01  0.0000e+00  9.6876e-13  8.9509e-11
  5878  7.6178e+02 -2.0815e+00  2.1019e+00 -1.3342e-01  2.9414e+02  3.6935e+02  4.8823e+00  5.0050e+00 -1.2269e-01  4.4869e-05 -1.3488e+01  0.0000e+00  9.6871e-13  8.9501e-11
  5879  7.6179e+02 -2.0815e+00  2.1019e+00 -1.3342e-01  2.9414e+02  3.6935e+02  4.8823e+00  5.0050e+00 -1.2268e-01  4.4574e-05 -1.3378e+01  0.0000e+00  9.6861e-13  8.9493e-11
  5880  7.6180e+02 -2.0815e+00  2.1019e+00 -1.3342e-01  2.9414e+02  3.6936e+02  4.8823e+00  5.0049e+00 -1.2263e-01  4.4284e-05 -1.3277e+01  0.0000e+00  9.6861e-13  8.9486e-11
  5881  7.6181e+02 -2.0815e+00  2.1019e+00 -1.3342e-01  2.9414e+02  3.6936e+02  4.8823e+00  5.0049e+00 -1.2264e-01  4.3869e-05 -1.3165e+01  0.0000e+00  9.6850e-13  8.9776e-11
  5882  7.6182e+02 -2.0815e+00  2.1019e+00 -1.3342e-01  2.9414e+02  3.6936e+02  4.8823e+00  5.0049e+00 -1.2261e-01  4.3562e-05 -1.3065e+01  0.0000e+00  9.6844e-13  8.9768e-11
  5883  7.6183e+02 -2.0815e+00  2.1019e+00 -1.3342e-01  2.9414e+02  3.6937e+02  4.8823e+00  5.0049e+00 -1.2265e-01  4.3212e-05 -1.2961e+01  0.0000e+00  9.6838e-13  8.9758e-11
  5884  7.6184e+02 -2.0815e+00  2.1019e+00 -1.3342e-01  2.9414e+02  3.6937e+02  4.8823e+00  5.0050e+00 -1.2267e-01  4.2789e-05 -1.2852e+01  0.0000e+00  9.6837e-13  8.9751e-11
  5885  7.6185e+02 -2.0815e+00  2.1019e+00 -1.3342e-01  2.9414e+02  3.6937e+02  4.8823e+00  5.0049e+00 -1.2259e-01  4.2466e-05 -1.2748e+01  0.0000e+00  9.6832e-13  8.9741e-11
  5886  7.6186e+02 -2.0815e+00  2.1019e+00 -1.3342e-01  2.9414e+02  3.6937e+02  4.8823e+00  5.0048e+00 -1.2257e-01  4.2133e-05 -1.2645e+01  0.0000e+00  9.6822e-13  8.9731e-11
  5887  7.6187e+02 -2.0815e+00  2.1019e+00 -1.3342e-01  2.9414e+02  3.6938e+02  4.8823e+00  5.0049e+00 -1.2261e-01  4.1827e-05 -1.2544e+01  0.0000e+00  9.6817e-13  8.9721e-11
  5888  7.6188e+02 -2.0815e+00  2.1019e+00 -1.3342e-01  2.9414e+02  3.6938e+02  4.8823e+00  5.0049e+00 -1.2260e-01  4.1436e-05 -1.2436e+01  0.0000e+00  9.6794e-13  8.9712e-11
  5889  7.6189e+02 -2.0815e+00  2.1019e+00 -1.3342e-01  2.9414e+02  3.6938e+02  4.8823e+00  5.0048e+00 -1.2252e-01  4.1140e-05 -1.2336e+01  0.0000e+00  9.6787e-13  8.9703e-11
  5890  7.6190e+02 -2.0815e+00  2.1019e+00 -1.3342e-01  2.9414e+02  3.6938e+02  4.8823e+00  5.0049e+00 -1.2257e-01  4.0736e-05 -1.2233e+01  0.0000e+00  9.6780e-13  8.9695e-11
  5891  7.6191e+02 -2.0815e+00  2.1019e+00 -1.3342e-01  2.9414e+02  3.6939e+02  4.8823e+00  5.0048e+00 -1.2251e-01  4.0460e-05 -1.2127e+01  0.0000e+00  9.6780e-13  8.9686e-11
  5892  7.6192e+02 -2.0815e+00  2.1019e+00 -1.3342e-01  2.9414e+02  3.6939e+02  4.8822e+00  5.0047e+00 -1.2247e-01  4.0011e-05 -1.2025e+01  0.0000e+00  9.6775e-13  8.9678e-11
  5893  7.6193e+02 -2.0815e+00  2.1019e+00 -1.3342e-01  2.9414e+02  3.6939e+02  4.8823e+00  5.0047e+00 -1.2248e-01  3.9716e-05 -1.1926e+01  0.0000e+00  9.6775e-13  8.9669e-11
  5894  7.6194e+02 -2.0815e+00  2.1019e+00 -1.3342e-01  2.9414e+02  3.6940e+02  4.8823e+00  5.0048e+00 -1.2253e-01  3.9388e-05 -1.1819e+01  0.0000e+00  9.6768e-13  8.9661e-11
  5895  7.6195e+02 -2.0815e+00  2.1019e+00 -1.3342e-01  2.9414e+02  3.6940e+02  4.8823e+00  5.0047e+00 -1.2245e-01  3.8999e-05 -1.1720e+01  0.0000e+00  9.6768e-13  8.9654e-11
  5896  7.6196e+02 -2.0815e+00  2.1019e+00 -1.3343e-01  2.9414e+02  3.6940e+02  4.8823e+00  5.0048e+00 -1.2251e-01  3.8709e-05 -1.1624e+01  0.0000e+00  9.6768e-13  8.9648e-11
  5897  7.6197e+02 -2.0815e+00  2.1019e+00 -1.3343e-01  2.9414e+02  3.6940e+02  4.8824e+00  5.0049e+00 -1.2259e-01  3.8251e-05 -1.1522e+01  0.0000e+00  9.6768e-13  8.9640e-11
  5898  7.6198e+02 -2.0815e+00  2.1019e+00 -1.3343e-01  2.9414e+02  3.6941e+02  4.8824e+00  5.0050e+00 -1.2259e-01  3.8068e-05 -1.1421e+01  0.0000e+00  9.6756e-13  8.9632e-11
  5899  7.6199e+02 -2.0815e+00  2.1019e+00 -1.3343e-01  2.9414e+02  3.6941e+02  4.8823e+00  5.0047e+00 -1.2244e-01  3.7637e-05 -1.1317e+01  0.0000e+00  9.6755e-13  8.9625e-11
  5900  7.6200e+02 -2.0815e+00  2.1019e+00 -1.3343e-01  2.9414e+02  3.6941e+02  4.8822e+00  5.0046e+00 -1.2238e-01  3.7368e-05 -1.1220e+01  0.0000e+00  9.6751e-13  8.9617e-11
  5901  7.6201e+02 -2.0815e+00  2.1019e+00 -1.3343e-01  2.9414e+02  3.6942e+02  4.8823e+00  5.0048e+00 -1.2248e-01  3.7046e-05 -1.1121e+01  0.0000e+00  9.6750e-13  8.9909e-11
  5902  7.6202e+02 -2.0815e+00  2.1019e+00 -1.3343e-01  2.9414e+02  3.6942e+02  4.8823e+00  5.0048e+00 -1.2247e-01  3.6757e-05 -1.1018e+01  0.0000e+00  9.6748e-13  8.9900e-11
  5903  7.6203e+02 -2.0815e+00  2.1019e+00 -1.3343e-01  2.9414e+02  3.6942e+02  4.8823e+00  5.0047e+00 -1.2238e-01  3.6345e-05 -1.0918e+01  0.0000e+00  9.6742e-13  8.9891e-11
  5904  7.6204e+02 -2.0815e+00  2.1019e+00 -1.3343e-01  2.9414e+02  3.6943e+02  4.8823e+00  5.0046e+00 -1.2237e-01  3.6100e-05 -1.0823e+01  0.0000e+00  9.6739e-13  8.9882e-11
  5905  7.6205e+02 -2.0815e+00  2.1019e+00 -1.3343e-01  2.9414e+02  3.6943e+02  4.8824e+00  5.0049e+00 -1.2252e-01  3.5726e-05 -1.0722e+01  0.0000e+00  9.6715e-13  8.9877e-11
  5906  7.6206e+02 -2.0815e+00  2.1019e+00 -1.3343e-01  2.9414e+02  3.6943e+02  4.8824e+00  5.0049e+00 -1.2251e-01  3.5337e-05 -1.0621e+01  0.0000e+00  9.6704e-13  8.9867e-11
  5907  7.6207e+02 -2.0815e+00  2.1019e+00 -1.3343e-01  2.9414e+02  3.6943e+02  4.8823e+00  5.0047e+00 -1.2237e-01  3.5057e-05 -1.0520e+01  0.0000e+00  9.6679e-13  8.9859e-11
  5908  7.6208e+02 -2.0815e+00  2.1019e+00 -1.3343e-01  2.9414e+02  3.6944e+02  4.8823e+00  5.0046e+00 -1.2232e-01  3.4727e-05 -1.0423e+01  0.0000e+00  9.6676e-13  8.9851e-11
  5909  7.6209e+02 -2.0815e+00  2.1019e+00 -1.3343e-01  2.9414e+02  3.6944e+02  4.8823e+00  5.0047e+00 -1.2240e-01  3.4355e-05 -1.0325e+01  0.0000e+00  9.6676e-13  8.9841e-11
  5910  7.6210e+02 -2.0815e+00  2.1019e+00 -1.3343e-01  2.9414e+02  3.6944e+02  4.8823e+00  5.0048e+00 -1.2243e-01  3.4168e-05 -1.0224e+01  0.0000e+00  9.6675e-13  8.9833e-11
  5911  7.6211e+02 -2.0815e+00  2.1019e+00 -1.3343e-01  2.9414e+02  3.6945e+02  4.8823e+00  5.0046e+00 -1.2232e-01  3.3828e-05 -1.0122e+01  0.0000e+00  9.6671e-13  8.9826e-11
  5912  7.6212e+02 -2.0815e+00  2.1019e+00 -1.3343e-01  2.9414e+02  3.6945e+02  4.8822e+00  5.0045e+00 -1.2225e-01  3.3384e-05 -1.0026e+01  0.0000e+00  9.6671e-13  8.9817e-11
  5913  7.6213e+02 -2.0815e+00  2.1019e+00 -1.3343e-01  2.9414e+02  3.6945e+02  4.8822e+00  5.0045e+00 -1.2226e-01  3.3061e-05 -9.9277e+00  0.0000e+00  9.6666e-13  8.9809e-11
  5914  7.6214e+02 -2.0815e+00  2.1019e+00 -1.3343e-01  2.9414e+02  3.6946e+02  4.8823e+00  5.0046e+00 -1.2230e-01  3.2684e-05 -9.8311e+00  0.0000e+00  9.6647e-13  8.9803e-11
  5915  7.6215e+02 -2.0815e+00  2.1019e+00 -1.3343e-01  2.9414e+02  3.6946e+02  4.8823e+00  5.0047e+00 -1.2236e-01  3.2423e-05 -9.7323e+00  0.0000e+00  9.6646e-13  8.9795e-11
  5916  7.6216e+02 -2.0815e+00  2.1019e+00 -1.3343e-01  2.9414e+02  3.6946e+02  4.8823e+00  5.0046e+00 -1.2234e-01  3.2176e-05 -9.6330e+00  0.0000e+00  9.6639e-13  8.9788e-11
  5917  7.6217e+02 -2.0815e+00  2.1019e+00 -1.3343e-01  2.9414e+02  3.6946e+02  4.8824e+00  5.0047e+00 -1.2234e-01  3.1481e-05 -9.5369e+00  0.0000e+00  9.6637e-13  8.9780e-11
  5918  7.6218e+02 -2.0815e+00  2.1019e+00 -1.3343e-01  2.9414e+02  3.6947e+02  4.8823e+00  5.0046e+00 -1.2231e-01  3.1499e-05 -9.4431e+00  0.0000e+00  9.6621e-13  8.9774e-11
  5919  7.6219e+02 -2.0815e+00  2.1019e+00 -1.3343e-01  2.9414e+02  3.6947e+02  4.8823e+00  5.0045e+00 -1.2223e-01  3.1153e-05 -9.3435e+00  0.0000e+00  9.6613e-13  8.9766e-11
  5920  7.6220e+02 -2.0815e+00  2.1019e+00 -1.3343e-01  2.9414e+02  3.6947e+02  4.8823e+00  5.0046e+00 -1.2227e-01  3.0840e-05 -9.2481e+00  0.0000e+00  9.6611e-13  8.9760e-11
  5921  7.6221e+02 -2.0815e+00  2.1019e+00 -1.3343e-01  2.9414e+02  3.6948e+02  4.8823e+00  5.0046e+00 -1.2228e-01  3.0275e-05 -9.1461e+00  0.0000e+00  9.6603e-13  9.0051e-11
  5922  7.6222e+02 -2.0815e+00  2.1019e+00 -1.3343e-01  2.9414e+02  3.6948e+02  4.8823e+00  5.0045e+00 -1.2224e-01  3.0156e-05 -9.0520e+00  0.0000e+00  9.6601e-13  9.0043e-11
  5923  7.6223e+02 -2.0815e+00  2.1019e+00 -1.3343e-01  2.9414e+02  3.6948e+02  4.8823e+00  5.0046e+00 -1.2224e-01  2.9870e-05 -8.9596e+00  0.0000e+00  9.6601e-13  9.0034e-11
  5924  7.6224e+02 -2.0815e+00  2.1019e+00 -1.3343e-01  2.9414e+02  3.6948e+02  4.8823e+00  5.0045e+00 -1.2224e-01  2.9540e-05 -8.8592e+00  0.0000e+00  9.6596e-13  9.0024e-11
  5925  7.6225e+02 -2.0815e+00  2.1019e+00 -1.3343e-01  2.9414e+02  3.6949e+02  4.8823e+00  5.0045e+00 -1.2221e-01  2.9172e-05 -8.7656e+00  0.0000e+00  9.6580e-13  9.0016e-11
  5926  7.6226e+02 -2.0815e+00  2.1019e+00 -1.3343e-01  2.9414e+02  3.6949e+02  4.8823e+00  5.0046e+00 -1.2224e-01  2.8841e-05 -8.6649e+00  0.0000e+00  9.6580e-13  9.0008e-11
  5927  7.6227e+02 -2.0815e+00  2.1019e+00 -1.3343e-01  2.9414e+02  3.6949e+02  4.8823e+00  5.0045e+00 -1.2221e-01  2.8591e-05 -8.5697e+00  0.0000e+00  9.6570e-13  8.9999e-11
  5928  7.6228e+02 -2.0815e+00  2.1019e+00 -1.3343e-01  2.9414e+02  3.6950e+02  4.8823e+00  5.0045e+00 -1.2218e-01  2.8256e-05 -8.4751e+00  0.0000e+00  9.6567e-13  8.9992e-11
  5929  7.6229e+02 -2.0815e+00  2.1019e+00 -1.3343e-01  2.9414e+02  3.6950e+02  4.8823e+00  5.0046e+00 -1.2223e-01  2.7890e-05 -8.3785e+00  0.0000e+00  9.6562e-13  8.9985e-11
  5930  7.6230e+02 -2.0815e+00  2.1019e+00 -1.3343e-01  2.9414e+02  3.6950e+02  4.8824e+00  5.0046e+00 -1.2225e-01  2.7605e-05 -8.2820e+00  0.0000e+00  9.6561e-13  8.9978e-11
  5931  7.6231e+02 -2.0815e+00  2.1019e+00 -1.3343e-01  2.9414e+02  3.6950e+02  4.8823e+00  5.0045e+00 -1.2218e-01  2.7233e-05 -8.1784e+00  0.0000e+00  9.6546e-13  8.9972e-11
  5932  7.6232e+02 -2.0815e+00  2.1019e+00 -1.3343e-01  2.9414e+02  3.6951e+02  4.8823e+00  5.0044e+00 -1.2209e-01  2.7005e-05 -8.0895e+00  0.0000e+00  9.6529e-13  8.9965e-11
  5933  7.6233e+02 -2.0815e+00  2.1019e+00 -1.3343e-01  2.9414e+02  3.6951e+02  4.8823e+00  5.0044e+00 -1.2213e-01  2.6671e-05 -7.9977e+00  0.0000e+00  9.6529e-13  8.9958e-11
  5934  7.6234e+02 -2.0815e+00  2.1019e+00 -1.3343e-01  2.9414e+02  3.6951e+02  4.8824e+00  5.0046e+00 -1.2223e-01  2.6388e-05 -7.9029e+00  0.0000e+00  9.6524e-13  8.9950e-11
  5935  7.6235e+02 -2.0815e+00  2.1019e+00 -1.3343e-01  2.9414e+02  3.6952e+02  4.8824e+00  5.0046e+00 -1.2221e-01  2.6021e-05 -7.8032e+00  0.0000e+00  9.6524e-13  8.9942e-11
  5936  7.6236e+02 -2.0815e+00  2.1019e+00 -1.3343e-01  2.9414e+02  3.6952e+02  4.8823e+00  5.0044e+00 -1.2212e-01  2.5671e-05 -7.7074e+00  0.0000e+00  9.6517e-13  8.9936e-11
  5937  7.6237e+02 -2.0815e+00  2.1019e+00 -1.3343e-01  2.9414e+02  3.6952e+02  4.8823e+00  5.0044e+00 -1.2212e-01  2.5305e-05 -7.6155e+00  0.0000e+00  9.6506e-13  8.9929e-11
  5938  7.6238e+02 -2.0815e+00  2.1019e+00 -1.3343e-01  2.9414e+02  3.6952e+02  4.8823e+00  5.0044e+00 -1.2212e-01  2.5049e-05 -7.5221e+00  0.0000e+00  9.6501e-13  8.9923e-11
  5939  7.6239e+02 -2.0815e+00  2.1019e+00 -1.3343e-01  2.9414e+02  3.6953e+02  4.8823e+00  5.0045e+00 -1.2215e-01  2.4725e-05 -7.4296e+00  0.0000e+00  9.6489e-13  8.9915e-11
  5940  7.6240e+02 -2.0815e+00  2.1019e+00 -1.3343e-01  2.9414e+02  3.6953e+02  4.8824e+00  5.0045e+00 -1.2217e-01  2.4423e-05 -7.3299e+00  0.0000e+00  9.6488e-13  8.9907e-11
  5941  7.6241e+02 -2.0815e+00  2.1019e+00 -1.3343e-01  2.9414e+02  3.6953e+02  4.8824e+00  5.0046e+00 -1.2218e-01  2.4156e-05 -7.2371e+00  0.0000e+00  9.6483e-13  9.0197e-11
  5942  7.6242e+02 -2.0815e+00  2.1019e+00 -1.3343e-01  2.9414e+02  3.6953e+02  4.8823e+00  5.0044e+00 -1.2209e-01  2.3705e-05 -7.1401e+00  0.0000e+00  9.6478e-13  9.0191e-11
  5943  7.6243e+02 -2.0815e+00  2.1019e+00 -1.3343e-01  2.9414e+02  3.6954e+02  4.8823e+00  5.0043e+00 -1.2200e-01  2.3461e-05 -7.0484e+00  0.0000e+00  9.6472e-13  9.0181e-11
  5944  7.6244e+02 -2.0815e+00  2.1019e+00 -1.3343e-01  2.9414e+02  3.6954e+02  4.8823e+00  5.0043e+00 -1.2203e-01  2.3177e-05 -6.9551e+00  0.0000e+00  9.6465e-13  9.0174e-11
  5945  7.6245e+02 -2.0815e+00  2.1019e+00 -1.3343e-01  2.9414e+02  3.6954e+02  4.8824e+00  5.0044e+00 -1.2210e-01  2.2824e-05 -6.8592e+00  0.0000e+00  9.6446e-13  9.0164e-11
  5946  7.6246e+02 -2.0815e+00  2.1019e+00 -1.3343e-01  2.9414e+02  3.6955e+02  4.8824e+00  5.0045e+00 -1.2213e-01  2.2489e-05 -6.7625e+00  0.0000e+00  9.6444e-13  9.0155e-11
  5947  7.6247e+02 -2.0815e+00  2.1019e+00 -1.3343e-01  2.9414e+02  3.6955e+02  4.8823e+00  5.0043e+00 -1.2202e-01  2.2231e-05 -6.6696e+00  0.0000e+00  9.6424e-13  9.0147e-11
  5948  7.6248e+02 -2.0815e+00  2.1019e+00 -1.3343e-01  2.9414e+02  3.6955e+02  4.8823e+00  5.0043e+00 -1.2201e-01  2.1990e-05 -6.5752e+00  0.0000e+00  9.6424e-13  9.0135e-11
  5949  7.6249e+02 -2.0815e+00  2.1019e+00 -1.3343e-01  2.9414e+02  3.6955e+02  4.8823e+00  5.0042e+00 -1.2195e-01  2.1595e-05 -6.4856e+00  0.0000e+00  9.6419e-13  9.0128e-11
  5950  7.6250e+02 -2.0815e+00  2.1019e+00 -1.3343e-01  2.9414e+02  3.6956e+02  4.8823e+00  5.0043e+00 -1.2202e-01  2.1331e-05 -6.3927e+00  0.0000e+00  9.6417e-13  9.0119e-11
  5951  7.6251e+02 -2.0815e+00  2.1019e+00 -1.3343e-01  2.9414e+02  3.6956e+02  4.8823e+00  5.0044e+00 -1.2203e-01  2.0967e-05 -6.2970e+00  0.0000e+00  9.6417e-13  9.0112e-11
  5952  7.6252e+02 -2.0815e+00  2.1019e+00 -1.3343e-01  2.9414e+02  3.6956e+02  4.8823e+00  5.0043e+00 -1.2200e-01  2.0603e-05 -6.1986e+00  0.0000e+00  9.6417e-13  9.0103e-11
  5953  7.6253e+02 -2.0815e+00  2.1019e+00 -1.3343e-01  2.9414e+02  3.6957e+02  4.8823e+00  5.0042e+00 -1.2192e-01  2.0343e-05 -6.1090e+00  0.0000e+00  9.6417e-13  9.0097e-11
  5954  7.6254e+02 -2.0815e+00  2.1019e+00 -1.3343e-01  2.9414e+02  3.6957e+02  4.8823e+00  5.0043e+00 -1.2201e-01  2.0085e-05 -6.0200e+00  0.0000e+00  9.6403e-13  9.0090e-11
  5955  7.6255e+02 -2.0815e+00  2.1019e+00 -1.3343e-01  2.9414e+02  3.6957e+02  4.8823e+00  5.0043e+00 -1.2199e-01  1.9765e-05 -5.9239e+00  0.0000e+00  9.6383e-13  9.0083e-11
  5956  7.6256e+02 -2.0815e+00  2.1019e+00 -1.3343e-01  2.9414e+02  3.6957e+02  4.8823e+00  5.0043e+00 -1.2195e-01  1.9435e-05 -5.8353e+00  0.0000e+00  9.6383e-13  9.0074e-11
  5957  7.6257e+02 -2.0815e+00  2.1019e+00 -1.3343e-01  2.9414e+02  3.6958e+02  4.8824e+00  5.0044e+00 -1.2206e-01  1.9112e-05 -5.7409e+00  0.0000e+00  9.6374e-13  9.0065e-11
  5958  7.6258e+02 -2.0815e+00  2.1019e+00 -1.3343e-01  2.9414e+02  3.6958e+02  4.8824e+00  5.0044e+00 -1.2201e-01  1.8753e-05 -5.6416e+00  0.0000e+00  9.6371e-13  9.0058e-11
  5959  7.6259e+02 -2.0815e+00  2.1019e+00 -1.3343e-01  2.9414e+02  3.6958e+02  4.8823e+00  5.0041e+00 -1.2187e-01  1.8447e-05 -5.5497e+00  0.0000e+00  9.6363e-13  9.0050e-11
  5960  7.6260e+02 -2.0815e+00  2.1019e+00 -1.3343e-01  2.9414e+02  3.6959e+02  4.8823e+00  5.0042e+00 -1.2191e-01  1.8140e-05 -5.4585e+00  0.0000e+00  9.6362e-13  9.0042e-11
  5961  7.6261e+02 -2.0815e+00  2.1019e+00 -1.3343e-01  2.9414e+02  3.6959e+02  4.8823e+00  5.0042e+00 -1.2192e-01  1.7859e-05 -5.3656e+00  0.0000e+00  9.6358e-13  9.0332e-11
  5962  7.6262e+02 -2.0815e+00  2.1019e+00 -1.3343e-01  2.9414e+02  3.6959e+02  4.8823e+00  5.0043e+00 -1.2192e-01  1.7617e-05 -5.2764e+00  0.0000e+00  9.6352e-13  9.0324e-11
  5963  7.6263e+02 -2.0815e+00  2.1019e+00 -1.3343e-01  2.9414e+02  3.6959e+02  4.8823e+00  5.0043e+00 -1.2192e-01  1.7252e-05 -5.1849e+00  0.0000e+00  9.6342e-13  9.0316e-11
  5964  7.6264e+02 -2.0815e+00  2.1019e+00 -1.3343e-01  2.9414e+02  3.6960e+02  4.8824e+00  5.0043e+00 -1.2194e-01  1.6969e-05 -5.0915e+00  0.0000e+00  9.6342e-13  9.0307e-11
  5965  7.6265e+02 -2.0815e+00  2.1019e+00 -1.3343e-01  2.9414e+02  3.6960e+02  4.8824e+00  5.0043e+00 -1.2196e-01  1.6632e-05 -4.9972e+00  0.0000e+00  9.6340e-13  9.0300e-11
  5966  7.6266e+02 -2.0815e+00  2.1019e+00 -1.3343e-01  2.9414e+02  3.6960e+02  4.8823e+00  5.0041e+00 -1.2185e-01  1.6371e-05 -4.9042e+00  0.0000e+00  9.6335e-13  9.0292e-11
  5967  7.6267e+02 -2.0815e+00  2.1019e+00 -1.3343e-01  2.9414e+02  3.6961e+02  4.8823e+00  5.0041e+00 -1.2183e-01  1.6021e-05 -4.8115e+00  0.0000e+00  9.6321e-13  9.0283e-11
  5968  7.6268e+02 -2.0815e+00  2.1019e+00 -1.3342e-01  2.9414e+02  3.6961e+02  4.8823e+00  5.0041e+00 -1.2180e-01  1.5721e-05 -4.7181e+00  0.0000e+00  9.6308e-13  9.0276e-11
  5969  7.6269e+02 -2.0815e+00  2.1019e+00 -1.3343e-01  2.9414e+02  3.6961e+02  4.8823e+00  5.0041e+00 -1.2182e-01  1.5427e-05 -4.6282e+00  0.0000e+00  9.6302e-13  9.0268e-11
  5970  7.6270e+02 -2.0815e+00  2.1019e+00 -1.3343e-01  2.9414e+02  3.6961e+02  4.8823e+00  5.0041e+00 -1.2182e-01  1.5071e-05 -4.5364e+00  0.0000e+00  9.6302e-13  9.0260e-11
  5971  7.6271e+02 -2.0815e+00  2.1019e+00 -1.3343e-01  2.9414e+02  3.6962e+02  4.8823e+00  5.0041e+00 -1.2182e-01  1.4810e-05 -4.4471e+00  0.0000e+00  9.6290e-13  9.0252e-11
  5972  7.6272e+02 -2.0815e+00  2.1019e+00 -1.3343e-01  2.9414e+02  3.6962e+02  4.8824e+00  5.0042e+00 -1.2186e-01  1.4326e-05 -4.3567e+00  0.0000e+00  9.6290e-13  9.0243e-11
  5973  7.6273e+02 -2.0815e+00  2.1019e+00 -1.3343e-01  2.9414e+02  3.6962e+02  4.8823e+00  5.0042e+00 -1.2183e-01  1.4141e-05 -4.2663e+00  0.0000e+00  9.6290e-13  9.0236e-11
  5974  7.6274e+02 -2.0815e+00  2.1019e+00 -1.3342e-01  2.9414e+02  3.6963e+02  4.8823e+00  5.0042e+00 -1.2185e-01  1.3798e-05 -4.1687e+00  0.0000e+00  9.6290e-13  9.0227e-11
  5975  7.6275e+02 -2.0815e+00  2.1019e+00 -1.3342e-01  2.9414e+02  3.6963e+02  4.8824e+00  5.0042e+00 -1.2183e-01  1.3572e-05 -4.0789e+00  0.0000e+00  9.6290e-13  9.0219e-11
  5976  7.6276e+02 -2.0815e+00  2.1019e+00 -1.3342e-01  2.9414e+02  3.6963e+02  4.8824e+00  5.0042e+00 -1.2184e-01  1.2983e-05 -3.9857e+00  0.0000e+00  9.6283e-13  9.0211e-11
  5977  7.6277e+02 -2.0815e+00  2.1019e+00 -1.3342e-01  2.9414e+02  3.6963e+02  4.8823e+00  5.0041e+00 -1.2179e-01  1.2783e-05 -3.8938e+00  0.0000e+00  9.6275e-13  9.0204e-11
  5978  7.6278e+02 -2.0815e+00  2.1019e+00 -1.3343e-01  2.9414e+02  3.6964e+02  4.8823e+00  5.0041e+00 -1.2177e-01  1.2641e-05 -3.8075e+00  0.0000e+00  9.6270e-13  9.0198e-11
  5979  7.6279e+02 -2.0815e+00  2.1019e+00 -1.3342e-01  2.9414e+02  3.6964e+02  4.8823e+00  5.0041e+00 -1.2177e-01  1.2345e-05 -3.7147e+00  0.0000e+00  9.6258e-13  9.0191e-11
  5980  7.6280e+02 -2.0815e+00  2.1019e+00 -1.3342e-01  2.9414e+02  3.6964e+02  4.8823e+00  5.0041e+00 -1.2178e-01  1.2084e-05 -3.6243e+00  0.0000e+00  9.6255e-13  9.0184e-11
  5981  7.6281e+02 -2.0815e+00  2.1019e+00 -1.3342e-01  2.9414e+02  3.6964e+02  4.8824e+00  5.0042e+00 -1.2179e-01  1.1781e-05 -3.5329e+00  0.0000e+00  9.6230e-13  9.0476e-11
  5982  7.6282e+02 -2.0815e+00  2.1019e+00 -1.3342e-01  2.9414e+02  3.6965e+02  4.8824e+00  5.0042e+00 -1.2178e-01  1.1219e-05 -3.4396e+00  0.0000e+00  9.6220e-13  9.0469e-11
  5983  7.6283e+02 -2.0815e+00  2.1019e+00 -1.3342e-01  2.9414e+02  3.6965e+02  4.8824e+00  5.0041e+00 -1.2177e-01  1.1099e-05 -3.3505e+00  0.0000e+00  9.6217e-13  9.0460e-11
  5984  7.6284e+02 -2.0816e+00  2.1019e+00 -1.3342e-01  2.9414e+02  3.6965e+02  4.8824e+00  5.0041e+00 -1.2175e-01  1.0647e-05 -3.2572e+00  0.0000e+00  9.6211e-13  9.0452e-11
  5985  7.6285e+02 -2.0816e+00  2.1019e+00 -1.3342e-01  2.9414e+02  3.6965e+02  4.8823e+00  5.0041e+00 -1.2172e-01  1.0522e-05 -3.1670e+00  0.0000e+00  9.6209e-13  9.0441e-11
  5986  7.6286e+02 -2.0816e+00  2.1019e+00 -1.3342e-01  2.9414e+02  3.6966e+02  4.8823e+00  5.0040e+00 -1.2170e-01  1.0255e-05 -3.0758e+00  0.0000e+00  9.6197e-13  9.0433e-11
  5987  7.6287e+02 -2.0816e+00  2.1019e+00 -1.3342e-01  2.9414e+02  3.6966e+02  4.8824e+00  5.0041e+00 -1.2171e-01  9.7693e-06 -2.9840e+00  0.0000e+00  9.6159e-13  9.0423e-11
  5988  7.6288e+02 -2.0816e+00  2.1019e+00 -1.3342e-01  2.9414e+02  3.6966e+02  4.8824e+00  5.0041e+00 -1.2175e-01  9.5989e-06 -2.8958e+00  0.0000e+00  9.6147e-13  9.0412e-11
  5989  7.6289e+02 -2.0816e+00  2.1019e+00 -1.3342e-01  2.9414e+02  3.6967e+02  4.8824e+00  5.0041e+00 -1.2173e-01  9.2663e-06 -2.8038e+00  0.0000e+00  9.6128e-13  9.0404e-11
  5990  7.6290e+02 -2.0816e+00  2.1019e+00 -1.3342e-01  2.9414e+02  3.6967e+02  4.8824e+00  5.0041e+00 -1.2170e-01  8.9702e-06 -2.7145e+00  0.0000e+00  9.6122e-13  9.0397e-11
  5991  7.6291e+02 -2.0816e+00  2.1019e+00 -1.3342e-01  2.9414e+02  3.6967e+02  4.8824e+00  5.0040e+00 -1.2169e-01  8.6803e-06 -2.6225e+00  0.0000e+00  9.6110e-13  9.0389e-11
  5992  7.6292e+02 -2.0816e+00  2.1019e+00 -1.3342e-01  2.9414e+02  3.6967e+02  4.8824e+00  5.0040e+00 -1.2168e-01  8.4288e-06 -2.5345e+00  0.0000e+00  9.6109e-13  9.0381e-11
  5993  7.6293e+02 -2.0816e+00  2.1019e+00 -1.3342e-01  2.9414e+02  3.6968e+02  4.8824e+00  5.0040e+00 -1.2165e-01  7.8302e-06 -2.4435e+00  0.0000e+00  9.6109e-13  9.0372e-11
  5994  7.6294e+02 -2.0816e+00  2.1019e+00 -1.3342e-01  2.9414e+02  3.6968e+02  4.8824e+00  5.0040e+00 -1.2166e-01  7.5694e-06 -2.3563e+00  0.0000e+00  9.6109e-13  9.0364e-11
  5995  7.6295e+02 -2.0816e+00  2.1019e+00 -1.3342e-01  2.9414e+02  3.6968e+02  4.8823e+00  5.0040e+00 -1.2163e-01  7.4937e-06 -2.2611e+00  0.0000e+00  9.6106e-13  9.0355e-11
  5996  7.6296e+02 -2.0816e+00  2.1019e+00 -1.3342e-01  2.9414e+02  3.6968e+02  4.8823e+00  5.0039e+00 -1.2159e-01  7.2033e-06 -2.1765e+00  0.0000e+00  9.6088e-13  9.0349e-11
  5997  7.6297e+02 -2.0816e+00  2.1019e+00 -1.3342e-01  2.9414e+02  3.6969e+02  4.8824e+00  5.0040e+00 -1.2166e-01  6.7594e-06 -2.0845e+00  0.0000e+00  9.6086e-13  9.0342e-11
  5998  7.6298e+02 -2.0816e+00  2.1019e+00 -1.3342e-01  2.9414e+02  3.6969e+02  4.8823e+00  5.0040e+00 -1.2161e-01  6.6061e-06 -1.9943e+00  0.0000e+00  9.6083e-13  9.0335e-11
  5999  7.6299e+02 -2.0816e+00  2.1019e+00 -1.3342e-01  2.9414e+02  3.6969e+02  4.8823e+00  5.0039e+00 -1.2158e-01  6.0957e-06 -1.9044e+00  0.0000e+00  9.6073e-13  9.0327e-11
  6000  7.6300e+02 -2.0816e+00  2.1019e+00 -1.3342e-01  2.9414e+02  3.6969e+02  4.8823e+00  5.0039e+00 -1.2159e-01  6.1209e-06 -1.8179e+00  0.0000e+00  9.6061e-13  9.0319e-11
  6001  7.6301e+02 -2.0816e+00  2.1019e+00 -1.3342e-01  2.9414e+02  3.6970e+02  4.8824e+00  5.0040e+00 -1.2163e-01  5.7353e-06 -1.7248e+00  0.0000e+00  9.6057e-13  9.0611e-11
  6002  7.6302e+02 -2.0816e+00  2.1019e+00 -1.3342e-01  2.9414e+02  3.6970e+02  4.8823e+00  5.0039e+00 -1.2158e-01  5.4419e-06 -1.6333e+00  0.0000e+00  9.6044e-13  9.0602e-11
  6003  7.6303e+02 -2.0816e+00  2.1019e+00 -1.3342e-01  2.9414e+02  3.6970e+02  4.8823e+00  5.0038e+00 -1.2153e-01  5.1452e-06 -1.5474e+00  0.0000e+00  9.6035e-13  9.0594e-11
  6004  7.6304e+02 -2.0816e+00  2.1019e+00 -1.3342e-01  2.9414e+02  3.6970e+02  4.8824e+00  5.0039e+00 -1.2157e-01  4.8663e-06 -1.4587e+00  0.0000e+00  9.6033e-13  9.0586e-11
  6005  7.6305e+02 -2.0816e+00  2.1019e+00 -1.3342e-01  2.9414e+02  3.6971e+02  4.8824e+00  5.0039e+00 -1.2158e-01  4.5200e-06 -1.3692e+00  0.0000e+00  9.6031e-13  9.0577e-11
  6006  7.6306e+02 -2.0816e+00  2.1019e+00 -1.3342e-01  2.9414e+02  3.6971e+02  4.8823e+00  5.0039e+00 -1.2155e-01  4.3010e-06 -1.2807e+00  0.0000e+00  9.6028e-13  9.0569e-11
  6007  7.6307e+02 -2.0816e+00  2.1019e+00 -1.3342e-01  2.9414e+02  3.6971e+02  4.8824e+00  5.0039e+00 -1.2154e-01  3.9816e-06 -1.1904e+00  0.0000e+00  9.6028e-13  9.0559e-11
  6008  7.6308e+02 -2.0816e+00  2.1019e+00 -1.3342e-01  2.9414e+02  3.6971e+02  4.8823e+00  5.0039e+00 -1.2153e-01  3.6683e-06 -1.0993e+00  0.0000e+00  9.6023e-13  9.0555e-11
  6009  7.6309e+02 -2.0816e+00  2.1019e+00 -1.3342e-01  2.9414e+02  3.6972e+02  4.8824e+00  5.0039e+00 -1.2152e-01  3.4325e-06 -1.0092e+00  0.0000e+00  9.6013e-13  9.0547e-11
  6010  7.6310e+02 -2.0816e+00  2.1019e+00 -1.3342e-01  2.9414e+02  3.6972e+02  4.8823e+00  5.0038e+00 -1.2150e-01  3.1025e-06 -9.2000e-01  0.0000e+00  9.6000e-13  9.0538e-11
  6011  7.6311e+02 -2.0816e+00  2.1019e+00 -1.3342e-01  2.9414e+02  3.6972e+02  4.8823e+00  5.0038e+00 -1.2149e-01  2.7118e-06 -8.2947e-01  0.0000e+00  9.5999e-13  9.0528e-11
  6012  7.6312e+02 -2.0816e+00  2.1019e+00 -1.3342e-01  2.9414e+02  3.6972e+02  4.8824e+00  5.0039e+00 -1.2150e-01  2.4628e-06 -7.3961e-01  0.0000e+00  9.5985e-13  9.0519e-11
  6013  7.6313e+02 -2.0816e+00  2.1019e+00 -1.3342e-01  2.9414e+02  3.6973e+02  4.8824e+00  5.0038e+00 -1.2148e-01  2.1289e-06 -6.5068e-01  0.0000e+00  9.5984e-13  9.0513e-11
  6014  7.6314e+02 -2.0816e+00  2.1019e+00 -1.3342e-01  2.9414e+02  3.6973e+02  4.8823e+00  5.0038e+00 -1.2146e-01  1.8369e-06 -5.5682e-01  0.0000e+00  9.5974e-13  9.0506e-11
  6015  7.6315e+02 -2.0816e+00  2.1019e+00 -1.3342e-01  2.9414e+02  3.6973e+02  4.8823e+00  5.0037e+00 -1.2139e-01  1.6341e-06 -4.7173e-01  0.0000e+00  9.5970e-13  9.0499e-11
  6016  7.6316e+02 -2.0816e+00  2.1019e+00 -1.3342e-01  2.9414e+02  3.6973e+02  4.8824e+00  5.0038e+00 -1.2145e-01  1.1883e-06 -3.8144e-01  0.0000e+00  9.5964e-13  9.0492e-11
  6017  7.6317e+02 -2.0816e+00  2.1019e+00 -1.3342e-01  2.9414e+02  3.6973e+02  4.8823e+00  5.0038e+00 -1.2142e-01  8.5293e-07 -2.9357e-01  0.0000e+00  9.5959e-13  9.0483e-11
  6018  7.6318e+02 -2.0816e+00  2.1019e+00 -1.3342e-01  2.9414e+02  3.6974e+02  4.8823e+00  5.0038e+00 -1.2143e-01  6.4465e-07 -2.0151e-01  0.0000e+00  9.5957e-13  9.0476e-11
  6019  7.6319e+02 -2.0816e+00  2.1019e+00 -1.3342e-01  2.9414e+02  3.6974e+02  4.8823e+00  5.0037e+00 -1.2137e-01  3.3708e-07 -1.1326e-01  0.0000e+00  9.5952e-13  9.0470e-11
  6020  7.6320e+02 -2.0816e+00  2.1019e+00 -1.3342e-01  2.9414e+02  3.6974e+02  4.8823e+00  5.0037e+00 -1.2138e-01  1.4981e-07 -2.5125e-02  0.0000e+00  9.5951e-13  9.0462e-11
  6021  7.6321e+02 -2.0816e+00  2.1019e+00 -1.3342e-01  2.9414e+02  3.6974e+02  4.8823e+00  5.0037e+00 -1.2136e-01 -2.7925e-07  6.5920e-02  0.0000e+00  9.5950e-13  9.0754e-11
  6022  7.6322e+02 -2.0816e+00  2.1019e+00 -1.3342e-01  2.9414e+02  3.6974e+02  4.8823e+00  5.0037e+00 -1.2136e-01 -7.5628e-07  1.5341e-01  0.0000e+00  9.5938e-13  9.0746e-11
  6023  7.6323e+02 -2.0816e+00  2.1019e+00 -1.3342e-01  2.9414e+02  3.6975e+02  4.8824e+00  5.0037e+00 -1.2140e-01 -8.3000e-07  2.4174e-01  0.0000e+00  9.5937e-13  9.0736e-11
  6024  7.6324e+02 -2.0816e+00  2.1019e+00 -1.3342e-01  2.9414e+02  3.6975e+02  4.8823e+00  5.0037e+00 -1.2138e-01 -1.1366e-06  3.3170e-01  0.0000e+00  9.5937e-13  9.0728e-11
  6025  7.6325e+02 -2.0816e+00  2.1019e+00 -1.3342e-01  2.9414e+02  3.6975e+02  4.8823e+00  5.0037e+00 -1.2135e-01 -1.3998e-06  4.2001e-01  0.0000e+00  9.5924e-13  9.0719e-11
  6026  7.6326e+02 -2.0816e+00  2.1019e+00 -1.3342e-01  2.9414e+02  3.6975e+02  4.8823e+00  5.0037e+00 -1.2135e-01 -1.6983e-06  5.0993e-01  0.0000e+00  9.5918e-13  9.0710e-11
  6027  7.6327e+02 -2.0816e+00  2.1019e+00 -1.3342e-01  2.9414e+02  3.6975e+02  4.8823e+00  5.0037e+00 -1.2134e-01 -1.8870e-06  5.9894e-01  0.0000e+00  9.5914e-13  9.0702e-11
  6028  7.6328e+02 -2.0816e+00  2.1019e+00 -1.3342e-01  2.9414e+02  3.6975e+02  4.8823e+00  5.0036e+00 -1.2132e-01 -2.3224e-06  6.8814e-01  0.0000e+00  9.5899e-13  9.0695e-11
  6029  7.6329e+02 -2.0816e+00  2.1019e+00 -1.3342e-01  2.9414e+02  3.6975e+02  4.8823e+00  5.0037e+00 -1.2133e-01 -2.5925e-06  7.7650e-01  0.0000e+00  9.5886e-13  9.0689e-11
  6030  7.6330e+02 -2.0816e+00  2.1019e+00 -1.3342e-01  2.9414e+02  3.6975e+02  4.8824e+00  5.0037e+00 -1.2131e-01 -2.8893e-06  8.6450e-01  0.0000e+00  9.5877e-13  9.0682e-11
  6031  7.6331e+02 -2.0816e+00  2.1019e+00 -1.3342e-01  2.9414e+02  3.6975e+02  4.8823e+00  5.0036e+00 -1.2130e-01 -3.1566e-06  9.5553e-01  0.0000e+00  9.5869e-13  9.0673e-11
  6032  7.6332e+02 -2.0816e+00  2.1019e+00 -1.3342e-01  2.9414e+02  3.6975e+02  4.8823e+00  5.0036e+00 -1.2128e-01 -3.4930e-06  1.0412e+00  0.0000e+00  9.5868e-13  9.0666e-11
  6033  7.6333e+02 -2.0816e+00  2.1019e+00 -1.3342e-01  2.9414e+02  3.6975e+02  4.8824e+00  5.0037e+00 -1.2134e-01 -3.8165e-06  1.1368e+00  0.0000e+00  9.5862e-13  9.0656e-11
  6034  7.6334e+02 -2.0816e+00  2.1019e+00 -1.3342e-01  2.9414e+02  3.6975e+02  4.8823e+00  5.0036e+00 -1.2127e-01 -4.1086e-06  1.2206e+00  0.0000e+00  9.5858e-13  9.0648e-11
  6035  7.6335e+02 -2.0816e+00  2.1019e+00 -1.3342e-01  2.9414e+02  3.6975e+02  4.8823e+00  5.0036e+00 -1.2126e-01 -4.4256e-06  1.3115e+00  0.0000e+00  9.5853e-13  9.0641e-11
  6036  7.6336e+02 -2.0816e+00  2.1019e+00 -1.3342e-01  2.9414e+02  3.6975e+02  4.8823e+00  5.0036e+00 -1.2124e-01 -4.6052e-06  1.3974e+00  0.0000e+00  9.5850e-13  9.0633e-11
  6037  7.6337e+02 -2.0816e+00  2.1019e+00 -1.3342e-01  2.9414e+02  3.6975e+02  4.8823e+00  5.0036e+00 -1.2124e-01 -4.9719e-06  1.4870e+00  0.0000e+00  9.5845e-13  9.0625e-11
  6038  7.6338e+02 -2.0816e+00  2.1019e+00 -1.3342e-01  2.9414e+02  3.6975e+02  4.8823e+00  5.0036e+00 -1.2123e-01 -5.2758e-06  1.5803e+00  0.0000e+00  9.5840e-13  9.0618e-11
  6039  7.6339e+02 -2.0816e+00  2.1019e+00 -1.3342e-01  2.9414e+02  3.6975e+02  4.8823e+00  5.0034e+00 -1.2116e-01 -5.5807e-06  1.6675e+00  0.0000e+00  9.5840e-13  9.0611e-11
  6040  7.6340e+02 -2.0816e+00  2.1019e+00 -1.3342e-01  2.9414e+02  3.6975e+02  4.8823e+00  5.0036e+00 -1.2122e-01 -5.8743e-06  1.7558e+00  0.0000e+00  9.5837e-13  9.0606e-11
  6041  7.6341e+02 -2.0816e+00  2.1019e+00 -1.3342e-01  2.9414e+02  3.6974e+02  4.8824e+00  5.0036e+00 -1.2125e-01 -6.1724e-06  1.8435e+00  0.0000e+00  9.5834e-13  9.0897e-11
  6042  7.6342e+02 -2.0816e+00  2.1019e+00 -1.3341e-01  2.9414e+02  3.6974e+02  4.8823e+00  5.0035e+00 -1.2121e-01 -6.5543e-06  1.9381e+00  0.0000e+00  9.5824e-13  9.0889e-11
  6043  7.6343e+02 -2.0816e+00  2.1019e+00 -1.3342e-01  2.9414e+02  3.6974e+02  4.8823e+00  5.0034e+00 -1.2111e-01 -6.7382e-06  2.0227e+00  0.0000e+00  9.5814e-13  9.0879e-11
  6044  7.6344e+02 -2.0816e+00  2.1019e+00 -1.3342e-01  2.9414e+02  3.6974e+02  4.8823e+00  5.0035e+00 -1.2116e-01 -7.0516e-06  2.1117e+00  0.0000e+00  9.5811e-13  9.0871e-11
  6045  7.6345e+02 -2.0816e+00  2.1019e+00 -1.3342e-01  2.9414e+02  3.6973e+02  4.8823e+00  5.0035e+00 -1.2117e-01 -7.3523e-06  2.2002e+00  0.0000e+00  9.5799e-13  9.0864e-11
  6046  7.6346e+02 -2.0816e+00  2.1019e+00 -1.3342e-01  2.9414e+02  3.6973e+02  4.8823e+00  5.0035e+00 -1.2117e-01 -7.6336e-06  2.2907e+00  0.0000e+00  9.5794e-13  9.0855e-11
  6047  7.6347e+02 -2.0816e+00  2.1019e+00 -1.3342e-01  2.9414e+02  3.6972e+02  4.8823e+00  5.0035e+00 -1.2116e-01 -7.9554e-06  2.3786e+00  0.0000e+00  9.5794e-13  9.0848e-11
  6048  7.6348e+02 -2.0816e+00  2.1019e+00 -1.3342e-01  2.9414e+02  3.6972e+02  4.8823e+00  5.0035e+00 -1.2114e-01 -8.2454e-06  2.4670e+00  0.0000e+00  9.5790e-13  9.0842e-11
  6049  7.6349e+02 -2.0816e+00  2.1019e+00 -1.3342e-01  2.9414e+02  3.6971e+02  4.8823e+00  5.0035e+00 -1.2114e-01 -8.5278e-06  2.5571e+00  0.0000e+00  9.5790e-13  9.0836e-11
  6050  7.6350e+02 -2.0816e+00  2.1019e+00 -1.3342e-01  2.9414e+02  3.6971e+02  4.8823e+00  5.0035e+00 -1.2113e-01 -8.8478e-06  2.6482e+00  0.0000e+00  9.5786e-13  9.0828e-11
  6051  7.6351e+02 -2.0816e+00  2.1019e+00 -1.3341e-01  2.9414e+02  3.6970e+02  4.8823e+00  5.0034e+00 -1.2109e-01 -9.1175e-06  2.7403e+00  0.0000e+00  9.5776e-13  9.0820e-11
  6052  7.6352e+02 -2.0816e+00  2.1019e+00 -1.3342e-01  2.9414e+02  3.6969e+02  4.8823e+00  5.0034e+00 -1.2108e-01 -9.4803e-06  2.8239e+00  0.0000e+00  9.5770e-13  9.0812e-11
  6053  7.6353e+02 -2.0816e+00  2.1019e+00 -1.3341e-01  2.9414e+02  3.6968e+02  4.8824e+00  5.0035e+00 -1.2117e-01 -9.7181e-06  2.9160e+00  0.0000e+00  9.5770e-13  9.0803e-11
  6054  7.6354e+02 -2.0816e+00  2.1019e+00 -1.3341e-01  2.9414e+02  3.6968e+02  4.8823e+00  5.0035e+00 -1.2112e-01 -1.0008e-05  3.0056e+00  0.0000e+00  9.5770e-13  9.0795e-11
  6055  7.6355e+02 -2.0816e+00  2.1019e+00 -1.3342e-01  2.9414e+02  3.6967e+02  4.8823e+00  5.0034e+00 -1.2106e-01 -1.0322e-05  3.0936e+00  0.0000e+00  9.5766e-13  9.0790e-11
  6056  7.6356e+02 -2.0816e+00  2.1019e+00 -1.3341e-01  2.9414e+02  3.6966e+02  4.8823e+00  5.0034e+00 -1.2109e-01 -1.0672e-05  3.1846e+00  0.0000e+00  9.5756e-13  9.0782e-11
  6057  7.6357e+02 -2.0816e+00  2.1019e+00 -1.3341e-01  2.9414e+02  3.6965e+02  4.8823e+00  5.0034e+00 -1.2106e-01 -1.0942e-05  3.2733e+00  0.0000e+00  9.5755e-13  9.0774e-11
  6058  7.6358e+02 -2.0816e+00  2.1019e+00 -1.3341e-01  2.9414e+02  3.6964e+02  4.8823e+00  5.0033e+00 -1.2103e-01 -1.1233e-05  3.3659e+00  0.0000e+00  9.5755e-13  9.0766e-11
  6059  7.6359e+02 -2.0816e+00  2.1019e+00 -1.3341e-01  2.9414e+02  3.6964e+02  4.8823e+00  5.0033e+00 -1.2098e-01 -1.1432e-05  3.4533e+00  0.0000e+00  9.5751e-13  9.0760e-11
  6060  7.6360e+02 -2.0816e+00  2.1019e+00 -1.3341e-01  2.9414e+02  3.6963e+02  4.8823e+00  5.0033e+00 -1.2102e-01 -1.1879e-05  3.5437e+00  0.0000e+00  9.5751e-13  9.0754e-11
  6061  7.6361e+02 -2.0816e+00  2.1019e+00 -1.3341e-01  2.9414e+02  3.6962e+02  4.8823e+00  5.0033e+00 -1.2102e-01 -1.2083e-05  3.6326e+00  0.0000e+00  9.5751e-13  9.1047e-11
  6062  7.6362e+02 -2.0816e+00  2.1019e+00 -1.3341e-01  2.9414e+02  3.6961e+02  4.8823e+00  5.0034e+00 -1.2104e-01 -1.2444e-05  3.7226e+00  0.0000e+00  9.5751e-13  9.1039e-11
  6063  7.6363e+02 -2.0816e+00  2.1019e+00 -1.3341e-01  2.9414e+02  3.6961e+02  4.8823e+00  5.0033e+00 -1.2101e-01 -1.2709e-05  3.8110e+00  0.0000e+00  9.5748e-13  9.1029e-11
  6064  7.6364e+02 -2.0816e+00  2.1019e+00 -1.3341e-01  2.9414e+02  3.6960e+02  4.8823e+00  5.0034e+00 -1.2102e-01 -1.2959e-05  3.9013e+00  0.0000e+00  9.5742e-13  9.1020e-11
  6065  7.6365e+02 -2.0816e+00  2.1019e+00 -1.3341e-01  2.9414e+02  3.6959e+02  4.8823e+00  5.0033e+00 -1.2098e-01 -1.3324e-05  3.9902e+00  0.0000e+00  9.5741e-13  9.1013e-11
  6066  7.6366e+02 -2.0816e+00  2.1019e+00 -1.3341e-01  2.9414e+02  3.6959e+02  4.8823e+00  5.0033e+00 -1.2101e-01 -1.3613e-05  4.0834e+00  0.0000e+00  9.5732e-13  9.1006e-11
  6067  7.6367e+02 -2.0816e+00  2.1019e+00 -1.3341e-01  2.9414e+02  3.6958e+02  4.8823e+00  5.0032e+00 -1.2094e-01 -1.3802e-05  4.1712e+00  0.0000e+00  9.5723e-13  9.1000e-11
  6068  7.6368e+02 -2.0816e+00  2.1019e+00 -1.3341e-01  2.9414e+02  3.6957e+02  4.8823e+00  5.0033e+00 -1.2098e-01 -1.4180e-05  4.2616e+00  0.0000e+00  9.5717e-13  9.0991e-11
  6069  7.6369e+02 -2.0816e+00  2.1019e+00 -1.3341e-01  2.9414e+02  3.6957e+02  4.8823e+00  5.0033e+00 -1.2095e-01 -1.4730e-05  4.3549e+00  0.0000e+00  9.5706e-13  9.0983e-11
  6070  7.6370e+02 -2.0816e+00  2.1019e+00 -1.3341e-01  2.9414e+02  3.6957e+02  4.8823e+00  5.0033e+00 -1.2097e-01 -1.4844e-05  4.4450e+00  0.0000e+00  9.5689e-13  9.0977e-11
  6071  7.6371e+02 -2.0816e+00  2.1019e+00 -1.3341e-01  2.9414e+02  3.6956e+02  4.8823e+00  5.0033e+00 -1.2094e-01 -1.5202e-05  4.5364e+00  0.0000e+00  9.5683e-13  9.0971e-11
  6072  7.6372e+02 -2.0816e+00  2.1019e+00 -1.3341e-01  2.9414e+02  3.6956e+02  4.8823e+00  5.0032e+00 -1.2087e-01 -1.5638e-05  4.6256e+00  0.0000e+00  9.5669e-13  9.0964e-11
  6073  7.6373e+02 -2.0816e+00  2.1019e+00 -1.3341e-01  2.9414e+02  3.6956e+02  4.8823e+00  5.0032e+00 -1.2092e-01 -1.5730e-05  4.7156e+00  0.0000e+00  9.5659e-13  9.0957e-11
  6074  7.6374e+02 -2.0816e+00  2.1019e+00 -1.3341e-01  2.9414e+02  3.6955e+02  4.8823e+00  5.0033e+00 -1.2094e-01 -1.5985e-05  4.8060e+00  0.0000e+00  9.5655e-13  9.0948e-11
  6075  7.6375e+02 -2.0816e+00  2.1019e+00 -1.3341e-01  2.9414e+02  3.6955e+02  4.8823e+00  5.0032e+00 -1.2090e-01 -1.6257e-05  4.8985e+00  0.0000e+00  9.5649e-13  9.0941e-11
  6076  7.6376e+02 -2.0816e+00  2.1019e+00 -1.3341e-01  2.9414e+02  3.6955e+02  4.8823e+00  5.0031e+00 -1.2085e-01 -1.6678e-05  4.9896e+00  0.0000e+00  9.5649e-13  9.0933e-11
  6077  7.6377e+02 -2.0816e+00  2.1019e+00 -1.3341e-01  2.9414e+02  3.6955e+02  4.8823e+00  5.0031e+00 -1.2084e-01 -1.7057e-05  5.0822e+00  0.0000e+00  9.5638e-13  9.0927e-11
  6078  7.6378e+02 -2.0816e+00  2.1019e+00 -1.3341e-01  2.9414e+02  3.6955e+02  4.8823e+00  5.0032e+00 -1.2086e-01 -1.7267e-05  5.1700e+00  0.0000e+00  9.5632e-13  9.0920e-11
  6079  7.6379e+02 -2.0816e+00  2.1019e+00 -1.3341e-01  2.9414e+02  3.6954e+02  4.8823e+00  5.0032e+00 -1.2090e-01 -1.7602e-05  5.2678e+00  0.0000e+00  9.5625e-13  9.0911e-11
  6080  7.6380e+02 -2.0816e+00  2.1019e+00 -1.3341e-01  2.9414e+02  3.6954e+02  4.8823e+00  5.0031e+00 -1.2082e-01 -1.7963e-05  5.3550e+00  0.0000e+00  9.5622e-13  9.0902e-11
  6081  7.6381e+02 -2.0816e+00  2.1019e+00 -1.3341e-01  2.9414e+02  3.6954e+02  4.8823e+00  5.0032e+00 -1.2086e-01 -1.8056e-05  5.4470e+00  0.0000e+00  9.5610e-13  9.1192e-11
  6082  7.6382e+02 -2.0816e+00  2.1019e+00 -1.3341e-01  2.9414e+02  3.6954e+02  4.8823e+00  5.0032e+00 -1.2086e-01 -1.8509e-05  5.5412e+00  0.0000e+00  9.5600e-13  9.1184e-11
  6083  7.6383e+02 -2.0816e+00  2.1019e+00 -1.3341e-01  2.9414e+02  3.6954e+02  4.8823e+00  5.0031e+00 -1.2081e-01 -1.8793e-05  5.6292e+00  0.0000e+00  9.5600e-13  9.1174e-11
  6084  7.6384e+02 -2.0816e+00  2.1019e+00 -1.3341e-01  2.9414e+02  3.6954e+02  4.8823e+00  5.0032e+00 -1.2086e-01 -1.9187e-05  5.7250e+00  0.0000e+00  9.5599e-13  9.1166e-11
  6085  7.6385e+02 -2.0816e+00  2.1019e+00 -1.3341e-01  2.9414e+02  3.6954e+02  4.8823e+00  5.0031e+00 -1.2078e-01 -1.9313e-05  5.8155e+00  0.0000e+00  9.5592e-13  9.1159e-11
  6086  7.6386e+02 -2.0816e+00  2.1019e+00 -1.3341e-01  2.9414e+02  3.6955e+02  4.8823e+00  5.0031e+00 -1.2080e-01 -1.9691e-05  5.9077e+00  0.0000e+00  9.5590e-13  9.1152e-11
  6087  7.6387e+02 -2.0816e+00  2.1019e+00 -1.3341e-01  2.9414e+02  3.6955e+02  4.8823e+00  5.0030e+00 -1.2076e-01 -2.0082e-05  6.0026e+00  0.0000e+00  9.5580e-13  9.1145e-11
  6088  7.6388e+02 -2.0816e+00  2.1019e+00 -1.3341e-01  2.9414e+02  3.6955e+02  4.8823e+00  5.0031e+00 -1.2079e-01 -2.0406e-05  6.0919e+00  0.0000e+00  9.5579e-13  9.1138e-11
  6089  7.6389e+02 -2.0816e+00  2.1019e+00 -1.3341e-01  2.9414e+02  3.6955e+02  4.8823e+00  5.0032e+00 -1.2082e-01 -2.0847e-05  6.1863e+00  0.0000e+00  9.5577e-13  9.1128e-11
  6090  7.6390e+02 -2.0816e+00  2.1019e+00 -1.3341e-01  2.9414e+02  3.6955e+02  4.8823e+00  5.0030e+00 -1.2076e-01 -2.1019e-05  6.2819e+00  0.0000e+00  9.5574e-13  9.1119e-11
  6091  7.6391e+02 -2.0816e+00  2.1019e+00 -1.3341e-01  2.9414e+02  3.6955e+02  4.8823e+00  5.0030e+00 -1.2071e-01 -2.1304e-05  6.3700e+00  0.0000e+00  9.5567e-13  9.1112e-11
  6092  7.6392e+02 -2.0816e+00  2.1019e+00 -1.3341e-01  2.9414e+02  3.6955e+02  4.8823e+00  5.0031e+00 -1.2079e-01 -2.1563e-05  6.4650e+00  0.0000e+00  9.5557e-13  9.1103e-11
  6093  7.6393e+02 -2.0816e+00  2.1019e+00 -1.3341e-01  2.9414e+02  3.6955e+02  4.8823e+00  5.0030e+00 -1.2071e-01 -2.1884e-05  6.5609e+00  0.0000e+00  9.5557e-13  9.1095e-11
  6094  7.6394e+02 -2.0816e+00  2.1019e+00 -1.3341e-01  2.9414e+02  3.6955e+02  4.8823e+00  5.0030e+00 -1.2068e-01 -2.2184e-05  6.6512e+00  0.0000e+00  9.5555e-13  9.1086e-11
  6095  7.6395e+02 -2.0816e+00  2.1019e+00 -1.3341e-01  2.9414e+02  3.6956e+02  4.8823e+00  5.0030e+00 -1.2071e-01 -2.2462e-05  6.7450e+00  0.0000e+00  9.5539e-13  9.1079e-11
  6096  7.6396e+02 -2.0816e+00  2.1019e+00 -1.3341e-01  2.9414e+02  3.6956e+02  4.8823e+00  5.0031e+00 -1.2073e-01 -2.2894e-05  6.8382e+00  0.0000e+00  9.5532e-13  9.1072e-11
  6097  7.6397e+02 -2.0816e+00  2.1019e+00 -1.3341e-01  2.9414e+02  3.6956e+02  4.8823e+00  5.0030e+00 -1.2072e-01 -2.3104e-05  6.9335e+00  0.0000e+00  9.5520e-13  9.1065e-11
  6098  7.6398e+02 -2.0816e+00  2.1019e+00 -1.3341e-01  2.9414e+02  3.6956e+02  4.8823e+00  5.0030e+00 -1.2071e-01 -2.3428e-05  7.0262e+00  0.0000e+00  9.5505e-13  9.1059e-11
  6099  7.6399e+02 -2.0816e+00  2.1019e+00 -1.3341e-01  2.9414e+02  3.6956e+02  4.8823e+00  5.0030e+00 -1.2069e-01 -2.3919e-05  7.1209e+00  0.0000e+00  9.5495e-13  9.1051e-11
  6100  7.6400e+02 -2.0816e+00  2.1019e+00 -1.3341e-01  2.9414e+02  3.6956e+02  4.8823e+00  5.0029e+00 -1.2065e-01 -2.4128e-05  7.2165e+00  0.0000e+00  9.5492e-13  9.1043e-11
  6101  7.6401e+02 -2.0816e+00  2.1019e+00 -1.3341e-01  2.9414e+02  3.6956e+02  4.8823e+00  5.0029e+00 -1.2065e-01 -2.4325e-05  7.3085e+00  0.0000e+00  9.5490e-13  9.1334e-11
  6102  7.6402e+02 -2.0816e+00  2.1019e+00 -1.3341e-01  2.9414e+02  3.6957e+02  4.8823e+00  5.0030e+00 -1.2070e-01 -2.4668e-05  7.4053e+00  0.0000e+00  9.5490e-13  9.1326e-11
  6103  7.6403e+02 -2.0816e+00  2.1019e+00 -1.3341e-01  2.9414e+02  3.6957e+02  4.8823e+00  5.0030e+00 -1.2066e-01 -2.4950e-05  7.4999e+00  0.0000e+00  9.5484e-13  9.1317e-11
  6104  7.6404e+02 -2.0816e+00  2.1019e+00 -1.3341e-01  2.9414e+02  3.6957e+02  4.8823e+00  5.0029e+00 -1.2064e-01 -2.5174e-05  7.5929e+00  0.0000e+00  9.5479e-13  9.1309e-11
  6105  7.6405e+02 -2.0816e+00  2.1019e+00 -1.3341e-01  2.9414e+02  3.6957e+02  4.8823e+00  5.0031e+00 -1.2071e-01 -2.5707e-05  7.6905e+00  0.0000e+00  9.5479e-13  9.1301e-11
  6106  7.6406e+02 -2.0816e+00  2.1019e+00 -1.3341e-01  2.9414e+02  3.6957e+02  4.8823e+00  5.0030e+00 -1.2065e-01 -2.5939e-05  7.7893e+00  0.0000e+00  9.5479e-13  9.1291e-11
  6107  7.6407e+02 -2.0816e+00  2.1019e+00 -1.3341e-01  2.9414e+02  3.6957e+02  4.8823e+00  5.0029e+00 -1.2060e-01 -2.6229e-05  7.8833e+00  0.0000e+00  9.5479e-13  9.1283e-11
  6108  7.6408e+02 -2.0816e+00  2.1019e+00 -1.3341e-01  2.9414e+02  3.6958e+02  4.8823e+00  5.0028e+00 -1.2057e-01 -2.6556e-05  7.9774e+00  0.0000e+00  9.5470e-13  9.1277e-11
  6109  7.6409e+02 -2.0816e+00  2.1019e+00 -1.3341e-01  2.9414e+02  3.6958e+02  4.8823e+00  5.0028e+00 -1.2058e-01 -2.6877e-05  8.0741e+00  0.0000e+00  9.5462e-13  9.1268e-11
  6110  7.6410e+02 -2.0816e+00  2.1019e+00 -1.3341e-01  2.9414e+02  3.6958e+02  4.8823e+00  5.0028e+00 -1.2055e-01 -2.7172e-05  8.1693e+00  0.0000e+00  9.5457e-13  9.1260e-11
  6111  7.6411e+02 -2.0816e+00  2.1019e+00 -1.3341e-01  2.9414e+02  3.6958e+02  4.8823e+00  5.0028e+00 -1.2055e-01 -2.7573e-05  8.2650e+00  0.0000e+00  9.5454e-13  9.1249e-11
  6112  7.6412e+02 -2.0816e+00  2.1019e+00 -1.3341e-01  2.9414e+02  3.6958e+02  4.8823e+00  5.0029e+00 -1.2056e-01 -2.7966e-05  8.3608e+00  0.0000e+00  9.5450e-13  9.1241e-11
  6113  7.6413e+02 -2.0816e+00  2.1019e+00 -1.3341e-01  2.9414e+02  3.6958e+02  4.8822e+00  5.0028e+00 -1.2051e-01 -2.8194e-05  8.4586e+00  0.0000e+00  9.5449e-13  9.1235e-11
  6114  7.6414e+02 -2.0816e+00  2.1019e+00 -1.3341e-01  2.9414e+02  3.6958e+02  4.8823e+00  5.0028e+00 -1.2055e-01 -2.8547e-05  8.5570e+00  0.0000e+00  9.5444e-13  9.1229e-11
  6115  7.6415e+02 -2.0816e+00  2.1019e+00 -1.3341e-01  2.9414e+02  3.6959e+02  4.8823e+00  5.0028e+00 -1.2053e-01 -2.8724e-05  8.6530e+00  0.0000e+00  9.5444e-13  9.1220e-11
  6116  7.6416e+02 -2.0816e+00  2.1019e+00 -1.3341e-01  2.9414e+02  3.6959e+02  4.8823e+00  5.0027e+00 -1.2049e-01 -2.9108e-05  8.7490e+00  0.0000e+00  9.5444e-13  9.1211e-11
  6117  7.6417e+02 -2.0816e+00  2.1019e+00 -1.3341e-01  2.9414e+02  3.6959e+02  4.8823e+00  5.0028e+00 -1.2049e-01 -2.9604e-05  8.8479e+00  0.0000e+00  9.5444e-13  9.1204e-11
  6118  7.6418e+02 -2.0816e+00  2.1019e+00 -1.3341e-01  2.9414e+02  3.6959e+02  4.8822e+00  5.0027e+00 -1.2044e-01 -2.9868e-05  8.9407e+00  0.0000e+00  9.5440e-13  9.1196e-11
  6119  7.6419e+02 -2.0816e+00  2.1019e+00 -1.3341e-01  2.9414e+02  3.6959e+02  4.8823e+00  5.0029e+00 -1.2055e-01 -3.0126e-05  9.0377e+00  0.0000e+00  9.5432e-13  9.1188e-11
  6120  7.6420e+02 -2.0816e+00  2.1019e+00 -1.3341e-01  2.9414e+02  3.6959e+02  4.8823e+00  5.0028e+00 -1.2052e-01 -3.0618e-05  9.1382e+00  0.0000e+00  9.5429e-13  9.1181e-11
  6121  7.6421e+02 -2.0816e+00  2.1019e+00 -1.3341e-01  2.9414e+02  3.6959e+02  4.8823e+00  5.0028e+00 -1.2054e-01 -3.0797e-05  9.2381e+00  0.0000e+00  9.5427e-13  9.1474e-11
  6122  7.6422e+02 -2.0816e+00  2.1019e+00 -1.3341e-01  2.9414e+02  3.6960e+02  4.8823e+00  5.0028e+00 -1.2052e-01 -3.1381e-05  9.3392e+00  0.0000e+00  9.5427e-13  9.1466e-11
  6123  7.6423e+02 -2.0816e+00  2.1019e+00 -1.3341e-01  2.9414e+02  3.6960e+02  4.8823e+00  5.0027e+00 -1.2045e-01 -3.1551e-05  9.4395e+00  0.0000e+00  9.5427e-13  9.1457e-11
  6124  7.6424e+02 -2.0816e+00  2.1019e+00 -1.3341e-01  2.9414e+02  3.6960e+02  4.8823e+00  5.0027e+00 -1.2042e-01 -3.1913e-05  9.5366e+00  0.0000e+00  9.5422e-13  9.1446e-11
  6125  7.6425e+02 -2.0816e+00  2.1019e+00 -1.3341e-01  2.9414e+02  3.6960e+02  4.8823e+00  5.0027e+00 -1.2044e-01 -3.2037e-05  9.6313e+00  0.0000e+00  9.5422e-13  9.1439e-11
  6126  7.6426e+02 -2.0816e+00  2.1019e+00 -1.3341e-01  2.9414e+02  3.6960e+02  4.8823e+00  5.0027e+00 -1.2045e-01 -3.2467e-05  9.7319e+00  0.0000e+00  9.5419e-13  9.1431e-11
  6127  7.6427e+02 -2.0816e+00  2.1019e+00 -1.3341e-01  2.9414e+02  3.6960e+02  4.8823e+00  5.0027e+00 -1.2045e-01 -3.2834e-05  9.8347e+00  0.0000e+00  9.5416e-13  9.1424e-11
  6128  7.6428e+02 -2.0816e+00  2.1019e+00 -1.3341e-01  2.9414e+02  3.6961e+02  4.8823e+00  5.0027e+00 -1.2040e-01 -3.3134e-05  9.9334e+00  0.0000e+00  9.5416e-13  9.1415e-11
  6129  7.6429e+02 -2.0816e+00  2.1019e+00 -1.3341e-01  2.9414e+02  3.6961e+02  4.8823e+00  5.0026e+00 -1.2038e-01 -3.3503e-05  1.0033e+01  0.0000e+00  9.5416e-13  9.1409e-11
  6130  7.6430e+02 -2.0816e+00  2.1019e+00 -1.3341e-01  2.9414e+02  3.6961e+02  4.8822e+00  5.0026e+00 -1.2036e-01 -3.3736e-05  1.0129e+01  0.0000e+00  9.5416e-13  9.1401e-11
  6131  7.6431e+02 -2.0816e+00  2.1019e+00 -1.3341e-01  2.9414e+02  3.6961e+02  4.8823e+00  5.0027e+00 -1.2043e-01 -3.4116e-05  1.0232e+01  0.0000e+00  9.5411e-13  9.1394e-11
  6132  7.6432e+02 -2.0816e+00  2.1019e+00 -1.3341e-01  2.9414e+02  3.6961e+02  4.8823e+00  5.0027e+00 -1.2042e-01 -3.4802e-05  1.0338e+01  0.0000e+00  9.5398e-13  9.1387e-11
  6133  7.6433e+02 -2.0816e+00  2.1019e+00 -1.3341e-01  2.9414e+02  3.6961e+02  4.8823e+00  5.0026e+00 -1.2037e-01 -3.4821e-05  1.0436e+01  0.0000e+00  9.5398e-13  9.1378e-11
  6134  7.6434e+02 -2.0816e+00  2.1019e+00 -1.3341e-01  2.9414e+02  3.6961e+02  4.8822e+00  5.0025e+00 -1.2032e-01 -3.5211e-05  1.0538e+01  0.0000e+00  9.5388e-13  9.1370e-11
  6135  7.6435e+02 -2.0816e+00  2.1019e+00 -1.3341e-01  2.9414e+02  3.6962e+02  4.8822e+00  5.0025e+00 -1.2028e-01 -3.5498e-05  1.0637e+01  0.0000e+00  9.5385e-13  9.1362e-11
  6136  7.6436e+02 -2.0816e+00  2.1019e+00 -1.3341e-01  2.9414e+02  3.6962e+02  4.8822e+00  5.0026e+00 -1.2032e-01 -3.5815e-05  1.0737e+01  0.0000e+00  9.5385e-13  9.1356e-11
  6137  7.6437e+02 -2.0816e+00  2.1019e+00 -1.3341e-01  2.9414e+02  3.6962e+02  4.8823e+00  5.0027e+00 -1.2040e-01 -3.6181e-05  1.0840e+01  0.0000e+00  9.5382e-13  9.1350e-11
  6138  7.6438e+02 -2.0816e+00  2.1019e+00 -1.3341e-01  2.9414e+02  3.6962e+02  4.8823e+00  5.0027e+00 -1.2038e-01 -3.6537e-05  1.0946e+01  0.0000e+00  9.5381e-13  9.1342e-11
  6139  7.6439e+02 -2.0816e+00  2.1019e+00 -1.3341e-01  2.9414e+02  3.6962e+02  4.8822e+00  5.0025e+00 -1.2029e-01 -3.6845e-05  1.1045e+01  0.0000e+00  9.5381e-13  9.1335e-11
  6140  7.6440e+02 -2.0816e+00  2.1019e+00 -1.3341e-01  2.9414e+02  3.6962e+02  4.8822e+00  5.0025e+00 -1.2027e-01 -3.7147e-05  1.1147e+01  0.0000e+00  9.5375e-13  9.1328e-11
  6141  7.6441e+02 -2.0816e+00  2.1019e+00 -1.3341e-01  2.9414e+02  3.6963e+02  4.8822e+00  5.0025e+00 -1.2030e-01 -3.7506e-05  1.1252e+01  0.0000e+00  9.5365e-13  9.1620e-11
  6142  7.6442e+02 -2.0816e+00  2.1019e+00 -1.3341e-01  2.9414e+02  3.6963e+02  4.8823e+00  5.0026e+00 -1.2033e-01 -3.7814e-05  1.1355e+01  0.0000e+00  9.5362e-13  9.1612e-11
  6143  7.6443e+02 -2.0816e+00  2.1019e+00 -1.3341e-01  2.9414e+02  3.6963e+02  4.8822e+00  5.0025e+00 -1.2027e-01 -3.8287e-05  1.1464e+01  0.0000e+00  9.5358e-13  9.1604e-11
  6144  7.6444e+02 -2.0816e+00  2.1019e+00 -1.3341e-01  2.9414e+02  3.6963e+02  4.8822e+00  5.0024e+00 -1.2020e-01 -3.8823e-05  1.1563e+01  0.0000e+00  9.5351e-13  9.1597e-11
  6145  7.6445e+02 -2.0816e+00  2.1019e+00 -1.3341e-01  2.9414e+02  3.6963e+02  4.8822e+00  5.0024e+00 -1.2023e-01 -3.9073e-05  1.1667e+01  0.0000e+00  9.5347e-13  9.1587e-11
  6146  7.6446e+02 -2.0816e+00  2.1019e+00 -1.3341e-01  2.9414e+02  3.6963e+02  4.8823e+00  5.0025e+00 -1.2028e-01 -3.9210e-05  1.1770e+01  0.0000e+00  9.5344e-13  9.1579e-11
  6147  7.6447e+02 -2.0816e+00  2.1019e+00 -1.3341e-01  2.9414e+02  3.6964e+02  4.8823e+00  5.0026e+00 -1.2030e-01 -3.9646e-05  1.1879e+01  0.0000e+00  9.5338e-13  9.1571e-11
  6148  7.6448e+02 -2.0816e+00  2.1019e+00 -1.3341e-01  2.9414e+02  3.6964e+02  4.8822e+00  5.0024e+00 -1.2021e-01 -3.9943e-05  1.1981e+01  0.0000e+00  9.5332e-13  9.1563e-11
  6149  7.6449e+02 -2.0816e+00  2.1019e+00 -1.3341e-01  2.9414e+02  3.6964e+02  4.8822e+00  5.0024e+00 -1.2017e-01 -4.0298e-05  1.2084e+01  0.0000e+00  9.5323e-13  9.1556e-11
  6150  7.6450e+02 -2.0816e+00  2.1019e+00 -1.3341e-01  2.9414e+02  3.6964e+02  4.8823e+00  5.0025e+00 -1.2024e-01 -4.0761e-05  1.2189e+01  0.0000e+00  9.5318e-13  9.1548e-11
  6151  7.6451e+02 -2.0816e+00  2.1019e+00 -1.3341e-01  2.9414e+02  3.6964e+02  4.8823e+00  5.0025e+00 -1.2025e-01 -4.1039e-05  1.2298e+01  0.0000e+00  9.5306e-13  9.1540e-11
  6152  7.6452e+02 -2.0816e+00  2.1019e+00 -1.3341e-01  2.9414e+02  3.6964e+02  4.8823e+00  5.0025e+00 -1.2021e-01 -4.1327e-05  1.2403e+01  0.0000e+00  9.5304e-13  9.1532e-11
  6153  7.6453e+02 -2.0816e+00  2.1019e+00 -1.3341e-01  2.9414e+02  3.6965e+02  4.8822e+00  5.0024e+00 -1.2018e-01 -4.1690e-05  1.2512e+01  0.0000e+00  9.5303e-13  9.1525e-11
  6154  7.6454e+02 -2.0816e+00  2.1019e+00 -1.3341e-01  2.9414e+02  3.6965e+02  4.8822e+00  5.0024e+00 -1.2015e-01 -4.2058e-05  1.2616e+01  0.0000e+00  9.5289e-13  9.1518e-11
  6155  7.6455e+02 -2.0816e+00  2.1019e+00 -1.3341e-01  2.9414e+02  3.6965e+02  4.8823e+00  5.0025e+00 -1.2022e-01 -4.2431e-05  1.2725e+01  0.0000e+00  9.5267e-13  9.1510e-11
  6156  7.6456e+02 -2.0816e+00  2.1019e+00 -1.3341e-01  2.9414e+02  3.6965e+02  4.8823e+00  5.0025e+00 -1.2025e-01 -4.2763e-05  1.2836e+01  0.0000e+00  9.5258e-13  9.1504e-11
  6157  7.6457e+02 -2.0816e+00  2.1019e+00 -1.3341e-01  2.9414e+02  3.6965e+02  4.8822e+00  5.0024e+00 -1.2015e-01 -4.3166e-05  1.2943e+01  0.0000e+00  9.5250e-13  9.1496e-11
  6158  7.6458e+02 -2.0816e+00  2.1019e+00 -1.3341e-01  2.9414e+02  3.6966e+02  4.8822e+00  5.0022e+00 -1.2006e-01 -4.3511e-05  1.3050e+01  0.0000e+00  9.5248e-13  9.1489e-11
  6159  7.6459e+02 -2.0816e+00  2.1019e+00 -1.3341e-01  2.9414e+02  3.6966e+02  4.8822e+00  5.0022e+00 -1.2006e-01 -4.3879e-05  1.3158e+01  0.0000e+00  9.5240e-13  9.1482e-11
  6160  7.6460e+02 -2.0816e+00  2.1019e+00 -1.3341e-01  2.9414e+02  3.6966e+02  4.8822e+00  5.0024e+00 -1.2013e-01 -4.4210e-05  1.3266e+01  0.0000e+00  9.5235e-13  9.1474e-11
  6161  7.6461e+02 -2.0816e+00  2.1019e+00 -1.3341e-01  2.9414e+02  3.6966e+02  4.8822e+00  5.0024e+00 -1.2012e-01 -4.4612e-05  1.3377e+01  0.0000e+00  9.5228e-13  9.1765e-11
  6162  7.6462e+02 -2.0816e+00  2.1019e+00 -1.3341e-01  2.9414e+02  3.6966e+02  4.8822e+00  5.0023e+00 -1.2006e-01 -4.5015e-05  1.3485e+01  0.0000e+00  9.5220e-13  9.1760e-11
  6163  7.6463e+02 -2.0816e+00  2.1019e+00 -1.3341e-01  2.9414e+02  3.6966e+02  4.8822e+00  5.0023e+00 -1.2007e-01 -4.5359e-05  1.3593e+01  0.0000e+00  9.5212e-13  9.1752e-11
  6164  7.6464e+02 -2.0816e+00  2.1019e+00 -1.3341e-01  2.9414e+02  3.6967e+02  4.8822e+00  5.0023e+00 -1.2011e-01 -4.5685e-05  1.3704e+01  0.0000e+00  9.5203e-13  9.1742e-11
  6165  7.6465e+02 -2.0816e+00  2.1019e+00 -1.3341e-01  2.9414e+02  3.6967e+02  4.8822e+00  5.0024e+00 -1.2012e-01 -4.6072e-05  1.3814e+01  0.0000e+00  9.5197e-13  9.1733e-11
  6166  7.6466e+02 -2.0816e+00  2.1019e+00 -1.3341e-01  2.9414e+02  3.6967e+02  4.8822e+00  5.0023e+00 -1.2011e-01 -4.6415e-05  1.3928e+01  0.0000e+00  9.5194e-13  9.1722e-11
  6167  7.6467e+02 -2.0816e+00  2.1019e+00 -1.3341e-01  2.9414e+02  3.6967e+02  4.8822e+00  5.0022e+00 -1.1999e-01 -4.6772e-05  1.4036e+01  0.0000e+00  9.5189e-13  9.1714e-11
  6168  7.6468e+02 -2.0816e+00  2.1019e+00 -1.3341e-01  2.9414e+02  3.6967e+02  4.8822e+00  5.0022e+00 -1.2001e-01 -4.7215e-05  1.4149e+01  0.0000e+00  9.5180e-13  9.1704e-11
  6169  7.6469e+02 -2.0816e+00  2.1019e+00 -1.3341e-01  2.9414e+02  3.6968e+02  4.8822e+00  5.0023e+00 -1.2005e-01 -4.7602e-05  1.4261e+01  0.0000e+00  9.5173e-13  9.1695e-11
  6170  7.6470e+02 -2.0816e+00  2.1019e+00 -1.3341e-01  2.9414e+02  3.6968e+02  4.8822e+00  5.0022e+00 -1.2000e-01 -4.7936e-05  1.4373e+01  0.0000e+00  9.5171e-13  9.1688e-11
  6171  7.6471e+02 -2.0816e+00  2.1019e+00 -1.3341e-01  2.9414e+02  3.6968e+02  4.8822e+00  5.0021e+00 -1.1993e-01 -4.8312e-05  1.4484e+01  0.0000e+00  9.5169e-13  9.1680e-11
  6172  7.6472e+02 -2.0816e+00  2.1019e+00 -1.3341e-01  2.9414e+02  3.6968e+02  4.8822e+00  5.0021e+00 -1.1996e-01 -4.8647e-05  1.4597e+01  0.0000e+00  9.5167e-13  9.1673e-11
  6173  7.6473e+02 -2.0816e+00  2.1019e+00 -1.3341e-01  2.9414e+02  3.6968e+02  4.8822e+00  5.0022e+00 -1.2000e-01 -4.9069e-05  1.4710e+01  0.0000e+00  9.5163e-13  9.1666e-11
  6174  7.6474e+02 -2.0816e+00  2.1019e+00 -1.3341e-01  2.9414e+02  3.6969e+02  4.8822e+00  5.0022e+00 -1.1997e-01 -4.9448e-05  1.4824e+01  0.0000e+00  9.5162e-13  9.1658e-11
  6175  7.6475e+02 -2.0816e+00  2.1019e+00 -1.3341e-01  2.9414e+02  3.6969e+02  4.8822e+00  5.0021e+00 -1.1996e-01 -4.9779e-05  1.4937e+01  0.0000e+00  9.5149e-13  9.1651e-11
  6176  7.6476e+02 -2.0816e+00  2.1019e+00 -1.3341e-01  2.9414e+02  3.6969e+02  4.8822e+00  5.0022e+00 -1.1997e-01 -5.0218e-05  1.5050e+01  0.0000e+00  9.5144e-13  9.1645e-11
  6177  7.6477e+02 -2.0816e+00  2.1019e+00 -1.3341e-01  2.9414e+02  3.6969e+02  4.8822e+00  5.0022e+00 -1.1997e-01 -5.0539e-05  1.5163e+01  0.0000e+00  9.5141e-13  9.1639e-11
  6178  7.6478e+02 -2.0816e+00  2.1019e+00 -1.3341e-01  2.9414e+02  3.6969e+02  4.8822e+00  5.0022e+00 -1.1997e-01 -5.0933e-05  1.5279e+01  0.0000e+00  9.5141e-13  9.1631e-11
  6179  7.6479e+02 -2.0816e+00  2.1019e+00 -1.3341e-01  2.9414e+02  3.6969e+02  4.8822e+00  5.0021e+00 -1.1993e-01 -5.1374e-05  1.5395e+01  0.0000e+00  9.5130e-13  9.1624e-11
  6180  7.6480e+02 -2.0816e+00  2.1019e+00 -1.3341e-01  2.9414e+02  3.6970e+02  4.8822e+00  5.0022e+00 -1.1994e-01 -5.1648e-05  1.5507e+01  0.0000e+00  9.5127e-13  9.1618e-11
  6181  7.6481e+02 -2.0816e+00  2.1019e+00 -1.3341e-01  2.9414e+02  3.6970e+02  4.8822e+00  5.0022e+00 -1.2000e-01 -5.2072e-05  1.5624e+01  0.0000e+00  9.5116e-13  9.1909e-11
  6182  7.6482e+02 -2.0816e+00  2.1019e+00 -1.3341e-01  2.9414e+02  3.6970e+02  4.8822e+00  5.0021e+00 -1.1990e-01 -5.2463e-05  1.5741e+01  0.0000e+00  9.5112e-13  9.1904e-11
  6183  7.6483e+02 -2.0816e+00  2.1019e+00 -1.3341e-01  2.9414e+02  3.6970e+02  4.8822e+00  5.0020e+00 -1.1985e-01 -5.2849e-05  1.5856e+01  0.0000e+00  9.5108e-13  9.1894e-11
  6184  7.6484e+02 -2.0816e+00  2.1019e+00 -1.3341e-01  2.9414e+02  3.6970e+02  4.8822e+00  5.0021e+00 -1.1988e-01 -5.3216e-05  1.5972e+01  0.0000e+00  9.5108e-13  9.1886e-11
  6185  7.6485e+02 -2.0816e+00  2.1019e+00 -1.3341e-01  2.9414e+02  3.6971e+02  4.8822e+00  5.0021e+00 -1.1991e-01 -5.3784e-05  1.6088e+01  0.0000e+00  9.5108e-13  9.1880e-11
  6186  7.6486e+02 -2.0816e+00  2.1019e+00 -1.3341e-01  2.9414e+02  3.6971e+02  4.8822e+00  5.0021e+00 -1.1990e-01 -5.4121e-05  1.6210e+01  0.0000e+00  9.5107e-13  9.1871e-11
  6187  7.6487e+02 -2.0816e+00  2.1019e+00 -1.3341e-01  2.9414e+02  3.6971e+02  4.8822e+00  5.0020e+00 -1.1985e-01 -5.4433e-05  1.6326e+01  0.0000e+00  9.5105e-13  9.1865e-11
  6188  7.6488e+02 -2.0816e+00  2.1019e+00 -1.3341e-01  2.9414e+02  3.6971e+02  4.8821e+00  5.0020e+00 -1.1982e-01 -5.4843e-05  1.6444e+01  0.0000e+00  9.5105e-13  9.1857e-11
  6189  7.6489e+02 -2.0816e+00  2.1019e+00 -1.3341e-01  2.9414e+02  3.6972e+02  4.8822e+00  5.0020e+00 -1.1982e-01 -5.5216e-05  1.6560e+01  0.0000e+00  9.5101e-13  9.1849e-11
  6190  7.6490e+02 -2.0816e+00  2.1019e+00 -1.3341e-01  2.9414e+02  3.6972e+02  4.8822e+00  5.0020e+00 -1.1984e-01 -5.5632e-05  1.6680e+01  0.0000e+00  9.5101e-13  9.1843e-11
  6191  7.6491e+02 -2.0816e+00  2.1019e+00 -1.3341e-01  2.9414e+02  3.6972e+02  4.8822e+00  5.0020e+00 -1.1985e-01 -5.6015e-05  1.6801e+01  0.0000e+00  9.5093e-13  9.1837e-11
  6192  7.6492e+02 -2.0816e+00  2.1019e+00 -1.3341e-01  2.9414e+02  3.6972e+02  4.8821e+00  5.0019e+00 -1.1977e-01 -5.6414e-05  1.6917e+01  0.0000e+00  9.5086e-13  9.1829e-11
  6193  7.6493e+02 -2.0816e+00  2.1019e+00 -1.3341e-01  2.9414e+02  3.6972e+02  4.8822e+00  5.0020e+00 -1.1981e-01 -5.6800e-05  1.7036e+01  0.0000e+00  9.5086e-13  9.1821e-11
  6194  7.6494e+02 -2.0816e+00  2.1019e+00 -1.3341e-01  2.9414e+02  3.6973e+02  4.8822e+00  5.0020e+00 -1.1984e-01 -5.7239e-05  1.7156e+01  0.0000e+00  9.5082e-13  9.1813e-11
  6195  7.6495e+02 -2.0816e+00  2.1019e+00 -1.3341e-01  2.9414e+02  3.6973e+02  4.8822e+00  5.0020e+00 -1.1981e-01 -5.7555e-05  1.7279e+01  0.0000e+00  9.5069e-13  9.1805e-11
  6196  7.6496e+02 -2.0816e+00  2.1019e+00 -1.3341e-01  2.9414e+02  3.6973e+02  4.8822e+00  5.0019e+00 -1.1977e-01 -5.8034e-05  1.7398e+01  0.0000e+00  9.5052e-13  9.1798e-11
  6197  7.6497e+02 -2.0816e+00  2.1019e+00 -1.3341e-01  2.9414e+02  3.6973e+02  4.8822e+00  5.0020e+00 -1.1979e-01 -5.8405e-05  1.7519e+01  0.0000e+00  9.5050e-13  9.1789e-11
  6198  7.6498e+02 -2.0816e+00  2.1019e+00 -1.3341e-01  2.9414e+02  3.6973e+02  4.8822e+00  5.0020e+00 -1.1980e-01 -5.8790e-05  1.7641e+01  0.0000e+00  9.5045e-13  9.1783e-11
  6199  7.6499e+02 -2.0816e+00  2.1019e+00 -1.3341e-01  2.9414e+02  3.6974e+02  4.8822e+00  5.0020e+00 -1.1980e-01 -5.9202e-05  1.7762e+01  0.0000e+00  9.5045e-13  9.1776e-11
  6200  7.6500e+02 -2.0816e+00  2.1019e+00 -1.3341e-01  2.9414e+02  3.6974e+02  4.8822e+00  5.0019e+00 -1.1975e-01 -5.9623e-05  1.7884e+01  0.0000e+00  9.5040e-13  9.1769e-11
  6201  7.6501e+02 -2.0816e+00  2.1019e+00 -1.3341e-01  2.9414e+02  3.6974e+02  4.8822e+00  5.0019e+00 -1.1976e-01 -5.9967e-05  1.8008e+01  0.0000e+00  9.5040e-13  9.2060e-11
  6202  7.6502e+02 -2.0816e+00  2.1019e+00 -1.3341e-01  2.9414e+02  3.6974e+02  4.8821e+00  5.0018e+00 -1.1971e-01 -6.0429e-05  1.8128e+01  0.0000e+00  9.5040e-13  9.2051e-11
  6203  7.6503e+02 -2.0816e+00  2.1019e+00 -1.3341e-01  2.9414e+02  3.6974e+02  4.8822e+00  5.0019e+00 -1.1972e-01 -6.0845e-05  1.8250e+01  0.0000e+00  9.5027e-13  9.2043e-11
  6204  7.6504e+02 -2.0816e+00  2.1019e+00 -1.3341e-01  2.9414e+02  3.6975e+02  4.8822e+00  5.0019e+00 -1.1974e-01 -6.1185e-05  1.8374e+01  0.0000e+00  9.5024e-13  9.2036e-11
  6205  7.6505e+02 -2.0816e+00  2.1019e+00 -1.3341e-01  2.9414e+02  3.6975e+02  4.8822e+00  5.0019e+00 -1.1975e-01 -6.1661e-05  1.8502e+01  0.0000e+00  9.5023e-13  9.2028e-11
  6206  7.6506e+02 -2.0816e+00  2.1019e+00 -1.3341e-01  2.9414e+02  3.6975e+02  4.8821e+00  5.0018e+00 -1.1966e-01 -6.2088e-05  1.8626e+01  0.0000e+00  9.5023e-13  9.2018e-11
  6207  7.6507e+02 -2.0816e+00  2.1019e+00 -1.3341e-01  2.9414e+02  3.6975e+02  4.8821e+00  5.0017e+00 -1.1963e-01 -6.2546e-05  1.8746e+01  0.0000e+00  9.5018e-13  9.2011e-11
  6208  7.6508e+02 -2.0816e+00  2.1019e+00 -1.3341e-01  2.9414e+02  3.6975e+02  4.8821e+00  5.0018e+00 -1.1968e-01 -6.2893e-05  1.8871e+01  0.0000e+00  9.5009e-13  9.2007e-11
  6209  7.6509e+02 -2.0816e+00  2.1019e+00 -1.3341e-01  2.9414e+02  3.6976e+02  4.8822e+00  5.0019e+00 -1.1973e-01 -6.3262e-05  1.8999e+01  0.0000e+00  9.4997e-13  9.1999e-11
  6210  7.6510e+02 -2.0816e+00  2.1019e+00 -1.3340e-01  2.9414e+02  3.6976e+02  4.8821e+00  5.0018e+00 -1.1965e-01 -6.3739e-05  1.9125e+01  0.0000e+00  9.4994e-13  9.1992e-11
  6211  7.6511e+02 -2.0816e+00  2.1019e+00 -1.3341e-01  2.9414e+02  3.6976e+02  4.8821e+00  5.0017e+00 -1.1957e-01 -6.4128e-05  1.9247e+01  0.0000e+00  9.4994e-13  9.1983e-11
  6212  7.6512e+02 -2.0816e+00  2.1019e+00 -1.3341e-01  2.9414e+02  3.6976e+02  4.8821e+00  5.0017e+00 -1.1960e-01 -6.4616e-05  1.9371e+01  0.0000e+00  9.4984e-13  9.1975e-11
  6213  7.6513e+02 -2.0816e+00  2.1019e+00 -1.3341e-01  2.9414e+02  3.6976e+02  4.8822e+00  5.0019e+00 -1.1970e-01 -6.5191e-05  1.9501e+01  0.0000e+00  9.4976e-13  9.1966e-11
  6214  7.6514e+02 -2.0816e+00  2.1019e+00 -1.3341e-01  2.9414e+02  3.6977e+02  4.8821e+00  5.0018e+00 -1.1964e-01 -6.5447e-05  1.9627e+01  0.0000e+00  9.4970e-13  9.1958e-11
  6215  7.6515e+02 -2.0816e+00  2.1019e+00 -1.3341e-01  2.9414e+02  3.6977e+02  4.8821e+00  5.0017e+00 -1.1957e-01 -6.5860e-05  1.9752e+01  0.0000e+00  9.4955e-13  9.1953e-11
  6216  7.6516e+02 -2.0816e+00  2.1019e+00 -1.3341e-01  2.9414e+02  3.6977e+02  4.8821e+00  5.0017e+00 -1.1960e-01 -6.6232e-05  1.9879e+01  0.0000e+00  9.4954e-13  9.1945e-11
  6217  7.6517e+02 -2.0816e+00  2.1019e+00 -1.3341e-01  2.9414e+02  3.6977e+02  4.8822e+00  5.0018e+00 -1.1963e-01 -6.6632e-05  2.0008e+01  0.0000e+00  9.4945e-13  9.1937e-11
  6218  7.6518e+02 -2.0816e+00  2.1019e+00 -1.3340e-01  2.9414e+02  3.6977e+02  4.8821e+00  5.0017e+00 -1.1961e-01 -6.7108e-05  2.0139e+01  0.0000e+00  9.4931e-13  9.1930e-11
  6219  7.6519e+02 -2.0816e+00  2.1019e+00 -1.3341e-01  2.9414e+02  3.6978e+02  4.8820e+00  5.0015e+00 -1.1947e-01 -6.7542e-05  2.0264e+01  0.0000e+00  9.4925e-13  9.1924e-11
  6220  7.6520e+02 -2.0816e+00  2.1019e+00 -1.3341e-01  2.9414e+02  3.6978e+02  4.8821e+00  5.0016e+00 -1.1953e-01 -6.7991e-05  2.0391e+01  0.0000e+00  9.4925e-13  9.1914e-11
  6221  7.6521e+02 -2.0816e+00  2.1019e+00 -1.3341e-01  2.9414e+02  3.6978e+02  4.8822e+00  5.0018e+00 -1.1961e-01 -6.8362e-05  2.0520e+01  0.0000e+00  9.4913e-13  9.2208e-11
  6222  7.6522e+02 -2.0816e+00  2.1019e+00 -1.3340e-01  2.9414e+02  3.6978e+02  4.8821e+00  5.0017e+00 -1.1954e-01 -6.8833e-05  2.0652e+01  0.0000e+00  9.4912e-13  9.2198e-11
  6223  7.6523e+02 -2.0816e+00  2.1019e+00 -1.3341e-01  2.9414e+02  3.6978e+02  4.8821e+00  5.0016e+00 -1.1952e-01 -6.9234e-05  2.0778e+01  0.0000e+00  9.4910e-13  9.2189e-11
  6224  7.6524e+02 -2.0816e+00  2.1019e+00 -1.3341e-01  2.9414e+02  3.6979e+02  4.8821e+00  5.0016e+00 -1.1952e-01 -6.9707e-05  2.0909e+01  0.0000e+00  9.4897e-13  9.2180e-11
  6225  7.6525e+02 -2.0816e+00  2.1019e+00 -1.3341e-01  2.9414e+02  3.6979e+02  4.8821e+00  5.0017e+00 -1.1955e-01 -7.0063e-05  2.1039e+01  0.0000e+00  9.4879e-13  9.2173e-11
  6226  7.6526e+02 -2.0816e+00  2.1019e+00 -1.3341e-01  2.9414e+02  3.6979e+02  4.8821e+00  5.0017e+00 -1.1956e-01 -7.0556e-05  2.1170e+01  0.0000e+00  9.4874e-13  9.2163e-11
  6227  7.6527e+02 -2.0816e+00  2.1019e+00 -1.3340e-01  2.9414e+02  3.6979e+02  4.8821e+00  5.0016e+00 -1.1949e-01 -7.1039e-05  2.1302e+01  0.0000e+00  9.4874e-13  9.2155e-11
  6228  7.6528e+02 -2.0816e+00  2.1019e+00 -1.3341e-01  2.9414e+02  3.6979e+02  4.8821e+00  5.0016e+00 -1.1947e-01 -7.1434e-05  2.1428e+01  0.0000e+00  9.4868e-13  9.2147e-11
  6229  7.6529e+02 -2.0816e+00  2.1019e+00 -1.3340e-01  2.9414e+02  3.6980e+02  4.8821e+00  5.0017e+00 -1.1955e-01 -7.1832e-05  2.1563e+01  0.0000e+00  9.4862e-13  9.2139e-11
  6230  7.6530e+02 -2.0816e+00  2.1019e+00 -1.3340e-01  2.9414e+02  3.6980e+02  4.8822e+00  5.0017e+00 -1.1953e-01 -7.2364e-05  2.1693e+01  0.0000e+00  9.4862e-13  9.2130e-11
  6231  7.6531e+02 -2.0816e+00  2.1019e+00 -1.3341e-01  2.9414e+02  3.6980e+02  4.8821e+00  5.0016e+00 -1.1946e-01 -7.2753e-05  2.1822e+01  0.0000e+00  9.4852e-13  9.2122e-11
  6232  7.6532e+02 -2.0816e+00  2.1019e+00 -1.3341e-01  2.9414e+02  3.6980e+02  4.8821e+00  5.0016e+00 -1.1946e-01 -7.3098e-05  2.1954e+01  0.0000e+00  9.4851e-13  9.2116e-11
  6233  7.6533e+02 -2.0816e+00  2.1019e+00 -1.3341e-01  2.9414e+02  3.6981e+02  4.8821e+00  5.0016e+00 -1.1946e-01 -7.3675e-05  2.2088e+01  0.0000e+00  9.4851e-13  9.2107e-11
  6234  7.6534e+02 -2.0816e+00  2.1019e+00 -1.3340e-01  2.9414e+02  3.6981e+02  4.8821e+00  5.0016e+00 -1.1947e-01 -7.4069e-05  2.2221e+01  0.0000e+00  9.4847e-13  9.2100e-11
  6235  7.6535e+02 -2.0816e+00  2.1019e+00 -1.3340e-01  2.9414e+02  3.6981e+02  4.8821e+00  5.0015e+00 -1.1941e-01 -7.4503e-05  2.2355e+01  0.0000e+00  9.4840e-13  9.2094e-11
  6236  7.6536e+02 -2.0816e+00  2.1019e+00 -1.3340e-01  2.9414e+02  3.6981e+02  4.8821e+00  5.0014e+00 -1.1938e-01 -7.4943e-05  2.2487e+01  0.0000e+00  9.4837e-13  9.2087e-11
  6237  7.6537e+02 -2.0816e+00  2.1019e+00 -1.3340e-01  2.9414e+02  3.6981e+02  4.8821e+00  5.0016e+00 -1.1946e-01 -7.5411e-05  2.2620e+01  0.0000e+00  9.4834e-13  9.2079e-11
  6238  7.6538e+02 -2.0816e+00  2.1019e+00 -1.3340e-01  2.9414e+02  3.6982e+02  4.8821e+00  5.0015e+00 -1.1942e-01 -7.5825e-05  2.2757e+01  0.0000e+00  9.4828e-13  9.2074e-11
  6239  7.6539e+02 -2.0816e+00  2.1019e+00 -1.3340e-01  2.9414e+02  3.6982e+02  4.8821e+00  5.0014e+00 -1.1933e-01 -7.6292e-05  2.2886e+01  0.0000e+00  9.4823e-13  9.2069e-11
  6240  7.6540e+02 -2.0816e+00  2.1019e+00 -1.3341e-01  2.9414e+02  3.6982e+02  4.8821e+00  5.0015e+00 -1.1939e-01 -7.6738e-05  2.3020e+01  0.0000e+00  9.4820e-13  9.2063e-11
  6241  7.6541e+02 -2.0816e+00  2.1019e+00 -1.3340e-01  2.9414e+02  3.6982e+02  4.8821e+00  5.0015e+00 -1.1943e-01 -7.7243e-05  2.3156e+01  0.0000e+00  9.4816e-13  9.2356e-11
  6242  7.6542e+02 -2.0816e+00  2.1019e+00 -1.3340e-01  2.9414e+02  3.6982e+02  4.8821e+00  5.0014e+00 -1.1937e-01 -7.7673e-05  2.3293e+01  0.0000e+00  9.4816e-13  9.2348e-11
  6243  7.6543e+02 -2.0816e+00  2.1019e+00 -1.3340e-01  2.9414e+02  3.6983e+02  4.8821e+00  5.0014e+00 -1.1936e-01 -7.8181e-05  2.3424e+01  0.0000e+00  9.4803e-13  9.2340e-11
  6244  7.6544e+02 -2.0816e+00  2.1019e+00 -1.3341e-01  2.9414e+02  3.6983e+02  4.8821e+00  5.0015e+00 -1.1940e-01 -7.8585e-05  2.3557e+01  0.0000e+00  9.4802e-13  9.2333e-11
  6245  7.6545e+02 -2.0816e+00  2.1019e+00 -1.3340e-01  2.9414e+02  3.6983e+02  4.8821e+00  5.0015e+00 -1.1937e-01 -7.8983e-05  2.3695e+01  0.0000e+00  9.4790e-13  9.2325e-11
  6246  7.6546e+02 -2.0816e+00  2.1019e+00 -1.3340e-01  2.9414e+02  3.6983e+02  4.8821e+00  5.0014e+00 -1.1936e-01 -7.9446e-05  2.3832e+01  0.0000e+00  9.4787e-13  9.2315e-11
  6247  7.6547e+02 -2.0816e+00  2.1019e+00 -1.3340e-01  2.9414e+02  3.6984e+02  4.8821e+00  5.0014e+00 -1.1935e-01 -7.9911e-05  2.3968e+01  0.0000e+00  9.4774e-13  9.2307e-11
  6248  7.6548e+02 -2.0816e+00  2.1019e+00 -1.3340e-01  2.9414e+02  3.6984e+02  4.8821e+00  5.0013e+00 -1.1929e-01 -8.0344e-05  2.4104e+01  0.0000e+00  9.4756e-13  9.2299e-11
  6249  7.6549e+02 -2.0816e+00  2.1019e+00 -1.3340e-01  2.9414e+02  3.6984e+02  4.8821e+00  5.0014e+00 -1.1933e-01 -8.0790e-05  2.4241e+01  0.0000e+00  9.4756e-13  9.2293e-11
  6250  7.6550e+02 -2.0816e+00  2.1019e+00 -1.3340e-01  2.9414e+02  3.6984e+02  4.8821e+00  5.0014e+00 -1.1930e-01 -8.1283e-05  2.4379e+01  0.0000e+00  9.4753e-13  9.2285e-11
  6251  7.6551e+02 -2.0816e+00  2.1019e+00 -1.3340e-01  2.9414e+02  3.6984e+02  4.8820e+00  5.0012e+00 -1.1921e-01 -8.1721e-05  2.4514e+01  0.0000e+00  9.4749e-13  9.2279e-11
  6252  7.6552e+02 -2.0816e+00  2.1019e+00 -1.3340e-01  2.9414e+02  3.6985e+02  4.8820e+00  5.0013e+00 -1.1924e-01 -8.2086e-05  2.4646e+01  0.0000e+00  9.4733e-13  9.2271e-11
  6253  7.6553e+02 -2.0816e+00  2.1019e+00 -1.3340e-01  2.9414e+02  3.6985e+02  4.8821e+00  5.0014e+00 -1.1932e-01 -8.2632e-05  2.4786e+01  0.0000e+00  9.4724e-13  9.2264e-11
  6254  7.6554e+02 -2.0816e+00  2.1019e+00 -1.3340e-01  2.9414e+02  3.6985e+02  4.8821e+00  5.0014e+00 -1.1929e-01 -8.3105e-05  2.4925e+01  0.0000e+00  9.4719e-13  9.2258e-11
  6255  7.6555e+02 -2.0816e+00  2.1019e+00 -1.3340e-01  2.9414e+02  3.6985e+02  4.8820e+00  5.0013e+00 -1.1923e-01 -8.3530e-05  2.5063e+01  0.0000e+00  9.4714e-13  9.2248e-11
  6256  7.6556e+02 -2.0816e+00  2.1019e+00 -1.3340e-01  2.9414e+02  3.6986e+02  4.8820e+00  5.0012e+00 -1.1919e-01 -8.4016e-05  2.5198e+01  0.0000e+00  9.4712e-13  9.2240e-11
  6257  7.6557e+02 -2.0816e+00  2.1019e+00 -1.3340e-01  2.9414e+02  3.6986e+02  4.8820e+00  5.0013e+00 -1.1925e-01 -8.4460e-05  2.5335e+01  0.0000e+00  9.4709e-13  9.2235e-11
  6258  7.6558e+02 -2.0816e+00  2.1019e+00 -1.3340e-01  2.9414e+02  3.6986e+02  4.8821e+00  5.0013e+00 -1.1926e-01 -8.4940e-05  2.5476e+01  0.0000e+00  9.4709e-13  9.2228e-11
  6259  7.6559e+02 -2.0816e+00  2.1019e+00 -1.3340e-01  2.9414e+02  3.6986e+02  4.8820e+00  5.0012e+00 -1.1918e-01 -8.5389e-05  2.5615e+01  0.0000e+00  9.4702e-13  9.2221e-11
  6260  7.6560e+02 -2.0816e+00  2.1019e+00 -1.3340e-01  2.9414e+02  3.6986e+02  4.8820e+00  5.0012e+00 -1.1916e-01 -8.5850e-05  2.5751e+01  0.0000e+00  9.4692e-13  9.2216e-11
  6261  7.6561e+02 -2.0816e+00  2.1019e+00 -1.3340e-01  2.9414e+02  3.6987e+02  4.8820e+00  5.0013e+00 -1.1922e-01 -8.6374e-05  2.5889e+01  0.0000e+00  9.4687e-13  9.2506e-11
  6262  7.6562e+02 -2.0816e+00  2.1019e+00 -1.3340e-01  2.9414e+02  3.6987e+02  4.8821e+00  5.0013e+00 -1.1925e-01 -8.7027e-05  2.6029e+01  0.0000e+00  9.4687e-13  9.2498e-11
  6263  7.6563e+02 -2.0816e+00  2.1019e+00 -1.3340e-01  2.9414e+02  3.6987e+02  4.8820e+00  5.0013e+00 -1.1923e-01 -8.7191e-05  2.6168e+01  0.0000e+00  9.4683e-13  9.2491e-11
  6264  7.6564e+02 -2.0816e+00  2.1019e+00 -1.3340e-01  2.9414e+02  3.6987e+02  4.8820e+00  5.0012e+00 -1.1916e-01 -8.7669e-05  2.6305e+01  0.0000e+00  9.4683e-13  9.2482e-11
  6265  7.6565e+02 -2.0816e+00  2.1019e+00 -1.3340e-01  2.9414e+02  3.6987e+02  4.8821e+00  5.0014e+00 -1.1926e-01 -8.8182e-05  2.6445e+01  0.0000e+00  9.4683e-13  9.2473e-11
  6266  7.6566e+02 -2.0816e+00  2.1019e+00 -1.3340e-01  2.9414e+02  3.6988e+02  4.8820e+00  5.0012e+00 -1.1917e-01 -8.8673e-05  2.6586e+01  0.0000e+00  9.4676e-13  9.2463e-11
  6267  7.6567e+02 -2.0816e+00  2.1019e+00 -1.3340e-01  2.9414e+02  3.6988e+02  4.8820e+00  5.0012e+00 -1.1918e-01 -8.9100e-05  2.6723e+01  0.0000e+00  9.4664e-13  9.2454e-11
  6268  7.6568e+02 -2.0816e+00  2.1019e+00 -1.3340e-01  2.9414e+02  3.6988e+02  4.8820e+00  5.0012e+00 -1.1913e-01 -8.9572e-05  2.6864e+01  0.0000e+00  9.4644e-13  9.2446e-11
  6269  7.6569e+02 -2.0816e+00  2.1019e+00 -1.3340e-01  2.9414e+02  3.6988e+02  4.8820e+00  5.0012e+00 -1.1917e-01 -8.9984e-05  2.7001e+01  0.0000e+00  9.4635e-13  9.2438e-11
  6270  7.6570e+02 -2.0816e+00  2.1019e+00 -1.3340e-01  2.9414e+02  3.6989e+02  4.8820e+00  5.0012e+00 -1.1919e-01 -9.0448e-05  2.7147e+01  0.0000e+00  9.4631e-13  9.2428e-11
  6271  7.6571e+02 -2.0816e+00  2.1019e+00 -1.3340e-01  2.9414e+02  3.6989e+02  4.8820e+00  5.0012e+00 -1.1912e-01 -9.0985e-05  2.7288e+01  0.0000e+00  9.4617e-13  9.2422e-11
  6272  7.6572e+02 -2.0816e+00  2.1019e+00 -1.3340e-01  2.9414e+02  3.6989e+02  4.8820e+00  5.0011e+00 -1.1907e-01 -9.1402e-05  2.7423e+01  0.0000e+00  9.4614e-13  9.2414e-11
  6273  7.6573e+02 -2.0816e+00  2.1019e+00 -1.3340e-01  2.9414e+02  3.6989e+02  4.8820e+00  5.0011e+00 -1.1911e-01 -9.1855e-05  2.7563e+01  0.0000e+00  9.4610e-13  9.2406e-11
  6274  7.6574e+02 -2.0816e+00  2.1019e+00 -1.3340e-01  2.9414e+02  3.6989e+02  4.8820e+00  5.0012e+00 -1.1914e-01 -9.2325e-05  2.7704e+01  0.0000e+00  9.4596e-13  9.2399e-11
  6275  7.6575e+02 -2.0816e+00  2.1019e+00 -1.3340e-01  2.9414e+02  3.6990e+02  4.8820e+00  5.0011e+00 -1.1910e-01 -9.2855e-05  2.7849e+01  0.0000e+00  9.4591e-13  9.2391e-11
  6276  7.6576e+02 -2.0816e+00  2.1019e+00 -1.3340e-01  2.9414e+02  3.6990e+02  4.8820e+00  5.0010e+00 -1.1903e-01 -9.3289e-05  2.7986e+01  0.0000e+00  9.4591e-13  9.2384e-11
  6277  7.6577e+02 -2.0816e+00  2.1019e+00 -1.3340e-01  2.9414e+02  3.6990e+02  4.8820e+00  5.0010e+00 -1.1905e-01 -9.3734e-05  2.8124e+01  0.0000e+00  9.4586e-13  9.2377e-11
  6278  7.6578e+02 -2.0816e+00  2.1019e+00 -1.3340e-01  2.9414e+02  3.6990e+02  4.8820e+00  5.0012e+00 -1.1912e-01 -9.4186e-05  2.8267e+01  0.0000e+00  9.4582e-13  9.2370e-11
  6279  7.6579e+02 -2.0816e+00  2.1019e+00 -1.3340e-01  2.9414e+02  3.6991e+02  4.8820e+00  5.0011e+00 -1.1905e-01 -9.4786e-05  2.8411e+01  0.0000e+00  9.4575e-13  9.2363e-11
  6280  7.6580e+02 -2.0816e+00  2.1019e+00 -1.3340e-01  2.9414e+02  3.6991e+02  4.8820e+00  5.0010e+00 -1.1902e-01 -9.5193e-05  2.8551e+01  0.0000e+00  9.4571e-13  9.2356e-11
  6281  7.6581e+02 -2.0816e+00  2.1019e+00 -1.3340e-01  2.9414e+02  3.6991e+02  4.8820e+00  5.0010e+00 -1.1900e-01 -9.5655e-05  2.8691e+01  0.0000e+00  9.4566e-13  9.2647e-11
  6282  7.6582e+02 -2.0816e+00  2.1019e+00 -1.3340e-01  2.9414e+02  3.6991e+02  4.8820e+00  5.0010e+00 -1.1904e-01 -9.6094e-05  2.8829e+01  0.0000e+00  9.4560e-13  9.2636e-11
  6283  7.6583e+02 -2.0816e+00  2.1019e+00 -1.3340e-01  2.9414e+02  3.6991e+02  4.8820e+00  5.0011e+00 -1.1907e-01 -9.6578e-05  2.8974e+01  0.0000e+00  9.4550e-13  9.2627e-11
  6284  7.6584e+02 -2.0816e+00  2.1019e+00 -1.3340e-01  2.9414e+02  3.6992e+02  4.8820e+00  5.0010e+00 -1.1902e-01 -9.7076e-05  2.9116e+01  0.0000e+00  9.4549e-13  9.2619e-11
  6285  7.6585e+02 -2.0816e+00  2.1019e+00 -1.3340e-01  2.9414e+02  3.6992e+02  4.8820e+00  5.0010e+00 -1.1900e-01 -9.7537e-05  2.9254e+01  0.0000e+00  9.4546e-13  9.2610e-11
  6286  7.6586e+02 -2.0816e+00  2.1019e+00 -1.3340e-01  2.9414e+02  3.6992e+02  4.8820e+00  5.0010e+00 -1.1900e-01 -9.7968e-05  2.9393e+01  0.0000e+00  9.4545e-13  9.2601e-11
  6287  7.6587e+02 -2.0816e+00  2.1019e+00 -1.3340e-01  2.9414e+02  3.6992e+02  4.8820e+00  5.0010e+00 -1.1903e-01 -9.8437e-05  2.9538e+01  0.0000e+00  9.4537e-13  9.2593e-11
  6288  7.6588e+02 -2.0816e+00  2.1019e+00 -1.3340e-01  2.9414e+02  3.6992e+02  4.8820e+00  5.0010e+00 -1.1898e-01 -9.8952e-05  2.9681e+01  0.0000e+00  9.4535e-13  9.2586e-11
  6289  7.6589e+02 -2.0816e+00  2.1019e+00 -1.3340e-01  2.9414e+02  3.6993e+02  4.8820e+00  5.0009e+00 -1.1895e-01 -9.9383e-05  2.9823e+01  0.0000e+00  9.4527e-13  9.2578e-11
  6290  7.6590e+02 -2.0816e+00  2.1019e+00 -1.3340e-01  2.9414e+02  3.6993e+02  4.8820e+00  5.0009e+00 -1.1891e-01 -9.9892e-05  2.9962e+01  0.0000e+00  9.4527e-13  9.2571e-11
  6291  7.6591e+02 -2.0816e+00  2.1019e+00 -1.3340e-01  2.9414e+02  3.6993e+02  4.8820e+00  5.0009e+00 -1.1891e-01 -1.0032e-04  3.0102e+01  0.0000e+00  9.4517e-13  9.2564e-11
  6292  7.6592e+02 -2.0816e+00  2.1019e+00 -1.3340e-01  2.9414e+02  3.6993e+02  4.8820e+00  5.0009e+00 -1.1895e-01 -1.0083e-04  3.0245e+01  0.0000e+00  9.4512e-13  9.2556e-11
  6293  7.6593e+02 -2.0816e+00  2.1019e+00 -1.3340e-01  2.9414e+02  3.6994e+02  4.8820e+00  5.0009e+00 -1.1894e-01 -1.0137e-04  3.0387e+01  0.0000e+00  9.4507e-13  9.2549e-11
  6294  7.6594e+02 -2.0816e+00  2.1019e+00 -1.3340e-01  2.9414e+02  3.6994e+02  4.8820e+00  5.0009e+00 -1.1892e-01 -1.0195e-04  3.0529e+01  0.0000e+00  9.4502e-13  9.2540e-11
  6295  7.6595e+02 -2.0816e+00  2.1019e+00 -1.3340e-01  2.9414e+02  3.6994e+02  4.8819e+00  5.0008e+00 -1.1887e-01 -1.0235e-04  3.0667e+01  0.0000e+00  9.4492e-13  9.2532e-11
  6296  7.6596e+02 -2.0816e+00  2.1019e+00 -1.3340e-01  2.9414e+02  3.6994e+02  4.8820e+00  5.0009e+00 -1.1893e-01 -1.0272e-04  3.0812e+01  0.0000e+00  9.4486e-13  9.2524e-11
  6297  7.6597e+02 -2.0816e+00  2.1019e+00 -1.3340e-01  2.9414e+02  3.6994e+02  4.8820e+00  5.0009e+00 -1.1889e-01 -1.0315e-04  3.0953e+01  0.0000e+00  9.4480e-13  9.2518e-11
  6298  7.6598e+02 -2.0816e+00  2.1019e+00 -1.3340e-01  2.9414e+02  3.6995e+02  4.8819e+00  5.0008e+00 -1.1886e-01 -1.0376e-04  3.1096e+01  0.0000e+00  9.4477e-13  9.2512e-11
  6299  7.6599e+02 -2.0816e+00  2.1019e+00 -1.3340e-01  2.9414e+02  3.6995e+02  4.8819e+00  5.0008e+00 -1.1886e-01 -1.0418e-04  3.1232e+01  0.0000e+00  9.4462e-13  9.2505e-11
  6300  7.6600e+02 -2.0816e+00  2.1019e+00 -1.3340e-01  2.9414e+02  3.6995e+02  4.8820e+00  5.0009e+00 -1.1889e-01 -1.0466e-04  3.1377e+01  0.0000e+00  9.4454e-13  9.2498e-11
